5436	0.082946777
6563	0.100143433
6213	0.094802856
5808	0.088623047
8221	0.125442505
6090	0.092926025
6162	0.094024658
7040	0.107421875
6278	0.095794678
7986	0.121856689
5885	0.089797974
5850	0.089263916
5790	0.088348389
6199	0.094589233
6064	0.092529297
6118	0.093353271
8604	0.131286621
5487	0.083724976
7116	0.108581543
6880	0.104980469
6882	0.105010986
7144	0.109008789
8770	0.13381958
8869	0.1353302
5971	0.091110229
6551	0.099960327
8009	0.122207642
8471	0.129257202
6135	0.093612671
5758	0.087860107
6272	0.095703125
6612	0.100891113
6053	0.09236145
5820	0.088806152
6486	0.098968506
6079	0.092758179
5085	0.077590942
6837	0.104324341
6730	0.10269165
6328	0.096557617
7035	0.107345581
7264	0.110839844
7264	0.110839844
7629	0.116409302
5779	0.088180542
6327	0.096542358
5920	0.090332031
6314	0.096343994
6314	0.096343994
6235	0.09513855
6196	0.094543457
6947	0.106002808
6180	0.094299316
8965	0.136795044
5661	0.086380005
6482	0.098907471
6753	0.103042603
7793	0.118911743
8395	0.128097534
6305	0.096206665
6371	0.097213745
8006	0.122161865
6667	0.101730347
593	0.009048462
5726	0.087371826
6756	0.103088379
5974	0.091156006
7864	0.119995117
6276	0.09576416
5709	0.087112427
6482	0.098907471
7058	0.107696533
5631	0.085922241
1384	0.021118164
5771	0.088058472
5756	0.08782959
6173	0.094192505
6879	0.10496521
6869	0.104812622
8107	0.123703003
5315	0.081100464
6893	0.105178833
6777	0.103408813
5745	0.087661743
7373	0.112503052
7374	0.112518311
8152	0.124389648
6299	0.096115112
6125	0.093460083
6281	0.095840454
6328	0.096557617
6014	0.091766357
5767	0.087997437
6831	0.104232788
6702	0.102264404
23957	0.36555481
23957	0.36555481
24137	0.368301392
24137	0.368301392
7757	0.118362427
6326	0.0965271
7034	0.107330322
23924	0.36505127
3687	0.056259155
7605	0.116043091
6065	0.092544556
24067	0.367233276
24140	0.368347168
16430	0.250701904
23832	0.363647461
24183	0.369003296
24012	0.366394043
24012	0.366394043
24030	0.366668701
24030	0.366668701
5420	0.082702637
119	0.001815796
5345	0.081558228
24172	0.368835449
6443	0.098312378
7138	0.108917236
6713	0.102432251
24071	0.367294312
24019	0.366500854
24019	0.366500854
24156	0.368591309
17190	0.262298584
5147	0.078536987
6111	0.09324646
7169	0.109390259
24259	0.370162964
6551	0.099960327
24091	0.367599487
24231	0.369735718
23126	0.352874756
3405	0.051956177
24118	0.368011475
24083	0.367477417
24083	0.367477417
24106	0.367828369
5929	0.09046936
7831	0.119491577
7455	0.113754272
4877	0.074417114
24117	0.367996216
198	0.00302124
24069	0.367263794
24069	0.367263794
4245	0.06477356
24264	0.370239258
24052	0.367004395
24052	0.367004395
4238	0.064666748
6408	0.09777832
6485	0.098953247
5079	0.07749939
6196	0.094543457
6575	0.100326538
8092	0.123474121
24193	0.369155884
24193	0.369155884
8956	0.136657715
24172	0.368835449
24245	0.369949341
7104	0.108398438
23941	0.365310669
23941	0.365310669
24234	0.369781494
24234	0.369781494
7290	0.111236572
6846	0.10446167
24297	0.370742798
24181	0.368972778
19881	0.303359985
5308	0.080993652
23964	0.365661621
23964	0.365661621
24050	0.366973877
24050	0.366973877
5797	0.0884552
3238	0.049407959
24322	0.371124268
7815	0.119247437
24174	0.368865967
24215	0.369491577
10413	0.158889771
24157	0.368606567
23982	0.365936279
24124	0.368103027
24124	0.368103027
7669	0.117019653
6146	0.093780518
6252	0.095397949
24228	0.369689941
24134	0.368255615
24134	0.368255615
24065	0.367202759
24112	0.367919922
6755	0.10307312
24281	0.370498657
24281	0.370498657
23966	0.365692139
5234	0.079864502
3458	0.052764893
6823	0.104110718
24122	0.36807251
6869	0.104812622
6920	0.10559082
24267	0.370285034
4297	0.065567017
7103	0.108383179
24037	0.366775513
24178	0.368927002
24178	0.368927002
24336	0.371337891
24336	0.371337891
7725	0.117874146
7482	0.11416626
7932	0.121032715
6075	0.092697144
6393	0.097549438
7752	0.118286133
24137	0.368301392
24137	0.368301392
23882	0.3644104
5317	0.081130981
24132	0.368225098
23940	0.36529541
24154	0.368560791
24092	0.367614746
24092	0.367614746
24024	0.366577148
24024	0.366577148
8097	0.123550415
24259	0.370162964
24259	0.370162964
24258	0.370147705
5982	0.091278076
24077	0.367385864
24212	0.369445801
7245	0.110549927
4629	0.070632935
8104	0.123657227
7032	0.107299805
8592	0.131103516
24320	0.37109375
6400	0.09765625
6411	0.097824097
7006	0.106903076
6869	0.104812622
6712	0.102416992
7262	0.110809326
5279	0.080551147
6609	0.100845337
5111	0.077987671
15534	0.237030029
8825	0.134658813
833	0.012710571
6772	0.10333252
1393	0.021255493
156	0.002380371
5997	0.091506958
7625	0.116348267
7188	0.109680176
7351	0.112167358
6084	0.092834473
7928	0.12097168
7928	0.12097168
4860	0.074157715
7537	0.115005493
4946	0.075469971
81	0.001235962
7956	0.121398926
6726	0.102630615
8221	0.125442505
6844	0.104431152
150	0.002288818
5585	0.085220337
5472	0.083496094
7807	0.119125366
6101	0.093093872
6594	0.100616455
6533	0.099685669
6752	0.103027344
5816	0.088745117
5816	0.088745117
8527	0.130111694
9138	0.139434814
7400	0.112915039
6614	0.100921631
8309	0.126785278
5661	0.086380005
5661	0.086380005
6641	0.101333618
5002	0.076324463
8648	0.131958008
925	0.01411438
7562	0.115386963
6255	0.095443726
7966	0.121551514
6110	0.093231201
7037	0.107376099
5914	0.090240479
4315	0.065841675
5332	0.081359863
8032	0.122558594
5285	0.0806427
4303	0.065658569
6333	0.096633911
6386	0.097442627
3927	0.059921265
6433	0.09815979
6767	0.103256226
6422	0.097991943
9300	0.141906738
6564	0.100158691
7021	0.107131958
6498	0.099151611
6347	0.096847534
4715	0.07194519
3595	0.054855347
6830	0.104217529
3541	0.054031372
6732	0.102722168
7313	0.111587524
9010	0.137481689
6260	0.09552002
5385	0.082168579
8784	0.134033203
8807	0.134384155
4088	0.06237793
7719	0.117782593
7643	0.116622925
6813	0.10395813
9380	0.143127441
7432	0.11340332
6799	0.103744507
6726	0.102630615
8300	0.126647949
5446	0.083099365
7325	0.11177063
7486	0.114227295
8771	0.133834839
4519	0.068954468
7995	0.121994019
8470	0.129241943
5326	0.081268311
994	0.015167236
7267	0.11088562
8884	0.135559082
5776	0.088134766
6450	0.098419189
8342	0.127288818
8593	0.131118774
6782	0.103485107
5955	0.090866089
9974	0.152191162
7925	0.120925903
6272	0.095703125
6996	0.106750488
9135	0.139389038
8997	0.137283325
9013	0.137527466
8433	0.128677368
252	0.003845215
7169	0.109390259
5412	0.082580566
358	0.005462646
6249	0.095352173
6396	0.097595215
7096	0.108276367
5657	0.08631897
5635	0.085983276
7683	0.117233276
7284	0.11114502
6750	0.102996826
7758	0.118377686
6755	0.10307312
6007	0.091659546
4580	0.069885254
6510	0.099334717
5815	0.088729858
6296	0.096069336
270	0.004119873
1398	0.021331787
11253	0.171707153
6866	0.104766846
5914	0.090240479
6261	0.095535278
4680	0.071411133
5023	0.076644897
6659	0.101608276
10463	0.15965271
7759	0.118392944
6759	0.103134155
7709	0.117630005
2506	0.038238525
7909	0.120681763
9631	0.146957397
6397	0.097610474
6397	0.097610474
593	0.009048462
7238	0.110443115
6370	0.097198486
5737	0.087539673
6446	0.098358154
8113	0.123794556
8058	0.122955322
2473	0.037734985
275	0.004196167
6919	0.105575562
5950	0.090789795
3371	0.051437378
6998	0.106781006
4856	0.07409668
1312	0.020019531
5938	0.090606689
7591	0.115829468
6571	0.100265503
6421	0.097976685
7094	0.10824585
7056	0.107666016
878	0.013397217
1421	0.021682739
8407	0.12828064
6824	0.104125977
5097	0.077774048
4983	0.076034546
11984	0.182861328
7311	0.111557007
8880	0.135498047
5870	0.089569092
5502	0.083953857
5884	0.089782715
9767	0.149032593
1845	0.028152466
7221	0.110183716
1982	0.03024292
8234	0.125640869
4993	0.076187134
352	0.005371094
8102	0.123626709
8062	0.123016357
7493	0.114334106
7493	0.114334106
