n_blks	n_rema	sec_no	n_free	sectyp	n_node	seclat	totlat	gc_type	cold	
34654	0	472	49	0	0	1217818	0	1	32317	0.528778076
34665	0	826	48	0	0	1054729	2553939	1	26885	0.528945923
23089	0	867	49	1	23089	47955	212594	1	0	0.352310181
36769	0	409	50	0	0	279421	497102	0	20750	0.561050415
37403	0	629	50	0	0	288402	625437	0	3582	0.570724487
20121	0	882	48	1	20122	51083	496437	1	0	0.307022095
48067	0	126	50	0	0	368591	582757	0	40686	0.733444214
34195	0	135	50	0	0	273141	675548	0	0	0.521774292
32930	0	867	47	1	32930	260953	685716	1	0	0.502471924
33652	0	462	49	0	0	879517	959805	0	5077	0.51348877
34785	0	142	50	0	0	323676	383169	0	12246	0.530776978
34296	0	346	50	0	0	259361	930311	0	5751	0.52331543
34036	0	422	48	0	0	1140484	0	1	9270	0.519348145
34679	0	471	47	0	0	1002525	2651146	1	34679	0.529159546
11166	0	882	50	1	0	20010	20011	0	0	0.170379639
34122	0	496	50	0	0	1153321	1227401	1	6218	0.5206604
34688	0	459	50	0	0	258023	577788	0	29366	0.529296875
24427	0	867	49	1	24427	96884	235654	1	0	0.37272644
34101	0	510	50	0	0	170404	319986	0	0	0.520339966
33988	0	526	50	0	0	236146	402877	0	0	0.518615723
33776	0	473	50	0	0	183621	655182	0	0	0.515380859
34078	0	764	48	0	0	1153840	1526531	1	19772	0.519989014
19460	0	882	50	1	0	23191	23191	0	0	0.296936035
34276	0	391	50	0	0	1321531	1445910	1	12509	0.523010254
34801	0	387	50	0	0	748975	748975	0	34801	0.531021118
27528	0	867	49	1	27528	472554	675766	1	0	0.420043945
33951	0	450	50	0	0	217792	420145	0	6127	0.518051147
33915	0	803	50	0	0	360748	629648	0	0	0.517501831
34048	0	514	48	0	0	1298847	0	1	7862	0.51953125
34185	0	623	47	0	0	1170062	0	1	22876	0.521621704
34213	0	737	46	0	0	1064553	4382809	1	28233	0.52204895
34657	0	463	50	0	0	132258	218361	0	4178	0.528823853
6233	0	882	50	1	0	16350	16350	0	0	0.095108032
33996	0	789	50	0	0	1519244	1814014	1	20402	0.518737793
34652	0	476	50	0	0	481143	670305	0	0	0.528747559
20986	0	867	48	1	20988	436342	1320066	1	0	0.320220947
34185	0	582	50	0	0	277791	429539	0	0	0.521621704
33528	0	601	50	0	0	250001	1199469	0	0	0.51159668
33425	0	633	48	0	0	1226199	1640810	1	5504	0.510025024
33485	0	583	49	0	0	945930	0	0	7390	0.510940552
34054	0	555	48	0	0	1059886	2269483	1	8983	0.519622803
20532	0	882	50	1	0	25080	25081	0	0	0.313293457
33454	0	590	50	0	0	1216885	1295633	1	6960	0.510467529
34175	0	366	50	0	0	346332	660287	0	0	0.521469116
32712	0	867	48	1	32712	417067	1142126	1	0	0.499145508
33783	0	585	50	0	0	312820	669631	0	0	0.515487671
34311	0	643	48	0	0	1247065	1811026	1	7723	0.523544312
34738	0	617	50	0	0	508722	654521	0	18748	0.530059814
30865	0	882	48	1	30865	403648	1350336	1	0	0.470962524
37187	0	793	50	0	0	880269	880270	0	37185	0.567428589
34274	0	715	50	0	0	1635718	1859329	1	3630	0.522979736
34760	0	634	50	0	0	351070	570227	0	22273	0.530395508
28500	0	867	50	1	0	28987	28989	0	0	0.434875488
33638	0	659	50	0	0	1836177	1922033	1	6865	0.513275146
33786	0	649	50	0	0	336392	491628	0	0	0.515533447
33590	0	660	49	0	0	1127249	0	1	7014	0.512542725
33733	0	709	48	0	0	1088380	2341711	1	4420	0.514724731
26084	0	882	50	1	0	27948	27949	0	0	0.398010254
33852	0	783	50	0	0	1411463	1581712	1	23138	0.516540527
34110	0	694	50	0	0	581501	664150	0	0	0.520477295
29244	0	867	48	1	29244	936018	1953527	1	0	0.446228027
33848	0	469	50	0	0	237408	1093604	0	16803	0.516479492
34297	0	699	50	0	0	789247	1263930	0	0	0.523330688
34104	0	758	47	0	0	1961653	0	1	5188	0.520385742
34263	0	838	47	0	0	1613600	0	1	31939	0.52281189
34302	0	823	46	0	0	1586130	6985879	1	2457	0.523406982
13589	0	793	50	1	0	21236	21236	0	0	0.207351685
33930	0	622	50	0	0	2188150	2645953	1	13331	0.517730713
35671	0	66	50	0	0	1007710	673793	0	0	0.544296265
22365	0	867	48	1	22365	225338	1802761	1	0	0.341262817
36073	0	549	50	0	0	872733	1185109	0	14338	0.550430298
36259	0	94	50	0	0	583254	1082320	0	19665	0.553268433
34077	0	745	49	0	0	1461872	0	1	8117	0.519973755
34550	0	831	48	0	0	1126783	2821545	1	7060	0.527191162
35849	0	512	50	0	0	907002	1573214	0	24000	0.547012329
10761	0	838	50	1	0	15994	15995	0	0	0.164199829
34333	0	806	50	0	0	1244707	1387542	1	8106	0.523880005
35690	0	683	51	0	0	290052	298766	0	30	0.544586182
38456	0	885	50	0	0	169923	938318	0	25989	0.586791992
17502	0	867	48	1	25718	243176	581815	1	0	0.267059326
41846	0	333	50	0	0	750007	750007	0	41846	0.638519287
32335	0	838	49	1	32335	735570	1122385	1	0	0.493392944
34141	0	4	50	0	0	351091	583411	0	0	0.520950317
32859	0	57	50	0	0	938110	1177604	0	1327	0.50138855
33396	0	727	50	0	0	306402	655027	0	0	0.50958252
32640	0	867	47	1	32640	512358	1110684	1	0	0.498046875
32957	0	846	49	0	0	967934	1043096	1	6381	0.502883911
35902	0	75	50	0	0	267533	450983	0	15722	0.547821045
33153	0	6	49	0	0	171712	382178	0	5636	0.505874634
42355	0	14	50	0	0	1061229	0	0	41050	0.646286011
26088	0	885	48	1	32665	173015	2042001	1	0	0.398071289
32512	0	710	50	0	0	228157	358188	0	0	0.49609375
33516	0	820	50	0	0	237355	672412	0	3991	0.511413574
33792	0	589	48	0	0	1157666	1594050	1	17655	0.515625
16946	0	867	50	1	0	24732	24732	0	0	0.258575439
33967	0	747	50	0	0	1315923	1495726	1	26222	0.518295288
34134	0	650	50	0	0	209549	376046	0	6711	0.520843506
21156	0	885	50	1	0	31734	31735	0	0	0.322814941
33613	0	107	50	0	0	1253803	1324156	1	5660	0.512893677
33782	0	2	50	0	0	324663	412293	0	0	0.515472412
33744	0	213	50	0	0	178579	624733	0	3102	0.514892578
33676	0	275	48	0	0	1072336	0	1	895	0.51385498
34185	0	230	47	0	0	949841	2310320	1	4538	0.521621704
27395	0	867	50	1	0	31651	31652	0	0	0.418014526
34032	0	143	50	0	0	1698068	1858582	1	7697	0.519287109
34541	0	26	50	0	0	446478	740595	0	0	0.527053833
34473	0	599	50	0	0	264117	702985	0	12049	0.526016235
33743	0	885	48	1	33746	353992	758318	1	0	0.514877319
34995	0	259	50	0	0	281892	284585	0	0	0.533981323
34712	0	635	50	0	0	293282	653121	0	10588	0.529663086
26878	0	867	48	1	26879	168002	736653	1	0	0.410125732
34474	0	665	50	0	0	232726	251814	0	808	0.526031494
34797	0	156	50	0	0	346808	728510	0	7556	0.530960083
34073	0	885	48	1	34073	540579	1192039	1	0	0.51991272
45722	0	610	50	0	0	293786	337050	0	2204	0.697662354
47324	0	813	50	0	0	339044	668012	0	42253	0.722106934
35052	0	487	49	0	0	887823	0	0	35050	0.534851074
19021	0	867	48	1	31077	148194	1219113	1	0	0.290237427
39613	0	324	50	0	0	247070	651360	0	2821	0.604446411
32592	0	885	48	1	32592	150095	577932	1	0	0.497314453
33636	0	351	50	0	0	190903	309360	0	0	0.513244629
34018	0	865	50	0	0	418960	698251	0	0	0.519073486
34028	0	867	48	1	34028	267964	1003272	1	0	0.519226074
34355	0	8	50	0	0	259545	414184	0	2481	0.524215698
34084	0	222	50	0	0	192639	326414	0	0	0.520080566
33699	0	397	49	0	0	963286	0	1	4943	0.514205933
33776	0	386	48	0	0	974847	2071436	1	6895	0.515380859
26304	0	885	50	1	0	28849	28850	0	0	0.401367188
33973	0	509	50	0	0	1238882	1293554	1	2317	0.518386841
34334	0	240	50	0	0	193477	265971	0	0	0.523895264
33949	0	446	50	0	0	223933	625542	0	1173	0.51802063
34197	0	406	48	0	0	1120266	1452968	1	7755	0.52180481
27373	0	867	50	1	0	37248	37249	0	0	0.417678833
34078	0	746	50	0	0	1308778	1472755	1	19190	0.519989014
34206	0	196	50	0	0	341116	709523	0	0	0.521942139
28721	0	885	47	1	28721	510075	1227416	1	0	0.438247681
34798	0	344	49	0	0	1013058	1397466	0	34798	0.530975342
34663	0	439	50	0	0	490285	675771	0	0	0.528915405
31431	0	867	47	1	31431	256137	1074313	1	0	0.479598999
33385	0	495	49	0	0	869028	976481	0	5898	0.509414673
33784	0	538	50	0	0	416715	633299	0	0	0.51550293
34153	0	270	48	0	0	1526001	2258252	1	13226	0.521133423
34363	0	790	49	0	0	1175159	0	1	19869	0.524337769
34508	0	559	48	0	0	1101530	2586409	1	32158	0.526550293
8181	0	885	50	1	0	14322	14323	0	0	0.124832153
34283	0	454	50	0	0	1323896	1606727	1	8411	0.523117065
34690	0	30	50	0	0	269386	790159	0	0	0.529327393
28901	0	867	48	1	28901	287269	772163	1	0	0.440994263
33723	0	318	50	0	0	255396	656328	0	0	0.514572144
34412	0	580	48	0	0	1096482	1427618	1	6079	0.525085449
41592	0	29	50	0	0	258315	874169	0	25891	0.634643555
34000	0	885	48	1	34621	376540	801397	1	0	0.518798828
34133	0	564	50	0	0	155882	225027	0	0	0.520828247
34001	0	372	50	0	0	218137	463523	0	8599	0.518814087
34806	0	137	50	0	0	224878	357686	0	14754	0.531097412
23277	0	867	50	1	0	23175	23175	0	0	0.355178833
34513	0	521	50	0	0	1271514	1495143	1	32486	0.526626587
34662	0	279	50	0	0	460616	683638	0	0	0.528900146
21356	0	885	48	1	21356	90559	691086	1	0	0.325866699
34610	0	518	50	0	0	945314	1335571	0	11188	0.528106689
33876	0	600	50	0	0	276968	650653	0	0	0.516906738
33865	0	554	48	0	0	1237546	1686278	1	10022	0.516738892
28805	0	867	49	1	28805	249796	644731	1	0	0.439529419
34812	0	116	50	0	0	380202	619235	0	7433	0.531188965
45705	0	663	50	0	0	528554	863898	0	13695	0.697402954
28972	0	885	48	1	28972	398215	1374364	1	0	0.442077637
34116	0	615	50	0	0	376080	667552	0	0	0.520568848
33246	0	741	48	0	0	1270505	1845551	1	3509	0.507293701
34111	0	640	50	0	0	386096	697854	0	0	0.520492554
30259	0	600	47	1	30259	364422	912574	1	0	0.461715698
33820	0	695	49	0	0	1118943	1196365	1	6664	0.516052246
34084	0	611	50	0	0	386764	653397	0	21482	0.520080566
34530	0	779	49	0	0	1010641	1136807	1	3205	0.526885986
33193	0	615	50	1	0	33382	33383	0	0	0.506484985
34544	0	868	50	0	0	1231848	1303828	1	34544	0.527099609
34812	0	63	50	0	0	508202	508203	0	34812	0.531188965
34573	0	717	49	0	0	1835206	0	1	8222	0.527542114
34694	0	572	48	0	0	1334156	0	1	34694	0.529388428
34723	0	738	47	0	0	1539617	5531869	1	34087	0.529830933
6787	0	640	50	1	0	18208	18209	0	0	0.103561401
34074	0	803	50	0	0	1793726	1979528	1	3495	0.519927979
41038	0	370	50	0	0	705303	705303	0	41038	0.626190186
28136	0	663	49	1	28136	623292	1005971	1	0	0.429321289
36032	0	498	50	0	0	829024	1430583	0	17241	0.549804688
37302	0	241	50	0	0	914064	1238628	0	21209	0.56918335
33680	0	764	48	0	0	1799945	0	1	6947	0.513916016
34228	0	629	47	0	0	1572708	5402983	1	11879	0.522277832
11861	0	695	50	1	0	15821	15821	0	0	0.180984497
33495	0	763	50	0	0	1034577	1216251	1	9130	0.51109314
36876	0	675	50	0	0	457485	560000	0	0	0.562683105
20840	0	717	48	1	20840	42708	917142	1	0	0.317993164
38486	0	201	50	0	0	517624	1715665	0	34700	0.587249756
33570	0	784	50	0	0	784572	649657	0	0	0.512237549
29638	0	738	47	1	29638	529393	1857528	1	0	0.45223999
33865	0	826	49	0	0	1384764	1678700	1	5825	0.516738892
34960	0	44	50	0	0	892666	1015302	0	6025	0.533447266
33764	0	799	49	0	0	906122	1242210	1	7729	0.515197754
35815	0	408	50	0	0	805340	1063160	0	10063	0.54649353
11552	0	741	50	1	0	16786	16787	0	0	0.176269531
34117	0	501	50	0	0	1904235	2548340	1	17575	0.520584106
36474	0	334	51	0	0	719546	708346	0	0	0.556549072
17114	0	763	48	1	17114	36530	1128013	1	0	0.261138916
39165	0	696	50	0	0	711266	813979	0	4903	0.597610474
36208	0	384	50	0	0	640695	960558	0	24952	0.552490234
32805	0	170	48	0	0	1255654	2190244	1	223	0.500564575
36350	0	444	50	0	0	684699	1359255	0	28572	0.554656982
11419	0	764	50	1	0	16189	16189	0	0	0.174240112
33017	0	9	50	0	0	1489185	1540130	1	3897	0.503799438
39666	0	85	51	0	0	604308	604309	0	39666	0.605255127
20645	0	779	49	1	20645	324882	505703	1	0	0.3150177
43158	0	862	50	0	0	368045	608597	0	13340	0.658538818
46242	0	854	50	0	0	321361	753596	0	24440	0.705596924
29862	0	784	48	1	29864	246313	832317	1	0	0.455657959
32455	0	788	50	0	0	673681	860077	0	4470	0.495223999
32146	0	795	50	0	0	352221	478486	0	0	0.490509033
32560	0	855	49	0	0	999818	0	1	6742	0.496826172
32865	0	772	48	0	0	981621	2170044	1	12029	0.501480103
22182	0	799	50	1	0	30204	30205	0	0	0.338470459
33271	0	215	50	0	0	1406771	1673148	1	22386	0.507675171
33422	0	346	50	0	0	248412	712924	0	0	0.509979248
33226	0	861	48	0	0	1375157	0	1	8616	0.506988525
33257	0	840	47	0	0	999372	2808711	1	10329	0.507461548
18418	0	803	50	1	0	21169	21170	0	0	0.281036377
33823	0	338	50	0	0	1606073	1788370	1	22339	0.516098022
34728	0	90	50	0	0	269353	634743	0	0	0.529907227
28518	0	826	50	1	0	23061	23062	0	0	0.435150146
33207	0	138	50	0	0	1761053	1983439	1	7984	0.506698608
34090	0	387	50	0	0	216268	403415	0	0	0.520172119
33483	0	859	50	0	0	248658	502961	0	11877	0.510910034
28706	0	840	49	1	28705	118077	276896	0	0	0.438018799
33992	0	265	50	0	0	473099	647231	0	0	0.518676758
33750	0	789	48	0	0	1196368	1978220	1	16020	0.514984131
34051	0	700	49	0	0	1050538	0	1	27250	0.519577026
34182	0	450	48	0	0	985414	2255118	1	4841	0.521575928
14249	0	854	50	1	0	20183	20184	0	0	0.217422485
33906	0	435	50	0	0	1530597	1725391	1	7299	0.517364502
33982	0	473	50	0	0	320984	461934	0	0	0.51852417
34072	0	733	50	0	0	241472	661040	0	15071	0.519897461
31666	0	855	48	1	31667	326994	702549	1	0	0.483184814
33848	0	843	50	0	0	345020	534481	0	0	0.516479492
34089	0	463	50	0	0	347210	541970	0	0	0.52015686
33287	0	859	47	1	33287	421925	1222504	1	0	0.507919312
33292	0	471	49	0	0	1142909	1238554	1	6360	0.507995605
33389	0	514	50	0	0	171960	795908	0	0	0.509475708
33834	0	549	48	0	0	1127077	1356240	1	4775	0.516265869
33917	0	135	50	0	0	284118	535416	0	0	0.517532349
27696	0	861	48	1	27696	358923	915580	1	0	0.422607422
33244	0	585	50	0	0	875004	1223927	0	1719	0.507263184
33542	0	409	50	0	0	335497	433599	0	0	0.511810303
33692	0	512	50	0	0	168191	614709	0	0	0.514099121
33635	0	590	48	0	0	1091491	0	1	3473	0.51322937
33979	0	422	47	0	0	1143853	2556959	1	11863	0.518478394
22892	0	862	50	1	0	27924	27926	0	0	0.349304199
34067	0	100	50	0	0	1422671	1635167	1	30559	0.519821167
34097	0	513	50	0	0	419259	752058	0	9505	0.520278931
20237	0	868	50	1	0	29501	29501	0	0	0.308792114
34014	0	496	50	0	0	1867220	2085434	1	9610	0.519012451
34689	0	103	50	0	0	659466	659467	0	34689	0.529312134
32032	0	862	49	1	32032	833706	1356355	1	0	0.488769531
34566	0	283	50	0	0	407825	1145190	0	24127	0.527435303
38800	0	792	50	0	0	378590	897740	0	0	0.592041016
23876	0	868	48	1	23876	114299	943625	1	0	0.364318848
33365	0	633	50	0	0	302528	707575	0	3770	0.509109497
36289	0	749	50	0	0	528387	682405	0	3269	0.553726196
33834	0	582	49	0	0	1155646	1323825	1	8915	0.516265869
42262	0	493	50	0	0	288692	988998	0	37741	0.644866943
25122	0	862	48	1	30183	463333	1008802	1	0	0.383331299
36708	0	178	50	0	0	707837	645665	0	0	0.560119629
33357	0	868	48	1	33357	234251	1104355	1	0	0.508987427
34158	0	635	50	0	0	458299	640151	0	0	0.521209717
33839	0	674	48	0	0	1483344	2496043	1	22529	0.516342163
32700	0	862	49	1	32700	447253	927740	1	0	0.498962402
34157	0	526	50	0	0	775038	1346832	0	0	0.521194458
42617	0	429	50	0	0	1448417	2233010	0	42617	0.650283813
24414	0	868	49	1	24413	229478	527994	0	0	0.372528076
34168	0	659	50	0	0	178595	512766	0	4334	0.521362305
33969	0	665	50	0	0	246871	883840	0	0	0.518325806
34283	0	685	48	0	0	1235195	1671877	1	29298	0.523117065
29363	0	862	49	1	29363	126777	276887	1	0	0.448043823
43456	0	198	50	0	0	252367	492198	0	13401	0.663085938
44769	0	330	50	0	0	284923	652193	0	12403	0.683120728
31000	0	868	48	1	31063	404822	1085076	1	0	0.473022461
34009	0	622	50	0	0	449688	808864	0	3045	0.518936157
34144	0	709	50	0	0	584486	1028929	0	0	0.520996094
34133	0	601	50	0	0	226824	674166	0	7448	0.520828247
34402	0	410	48	0	0	1570421	2070407	1	34143	0.524932861
18184	0	862	50	1	0	21250	21251	0	0	0.27746582
33785	0	649	50	0	0	1298520	1471308	1	9367	0.515518188
34791	0	16	50	0	0	406921	684759	0	1282	0.53086853
30724	0	868	48	1	30724	392193	1012171	1	0	0.468811035
34769	0	99	50	0	0	223000	677272	0	17678	0.530532837
34136	0	715	50	0	0	452081	697644	0	0	0.520874023
31482	0	862	47	1	31482	693252	1701471	1	0	0.480377197
33872	0	510	49	0	0	1353280	1774954	1	16288	0.516845703
35393	0	598	50	0	0	320920	714128	0	8331	0.540054321
33711	0	745	49	0	0	1362378	1653424	1	6713	0.514389038
37462	0	528	50	0	0	449640	603095	0	13968	0.571624756
12089	0	709	50	1	0	16632	16633	0	0	0.184463501
33825	0	660	50	0	0	1608580	1729745	1	10364	0.51612854
39001	0	163	51	0	0	364796	675350	0	0	0.595108032
23102	0	715	48	1	23102	81640	712946	1	0	0.352508545
47213	0	413	50	0	0	604912	630494	0	2935	0.720413208
37044	0	254	50	0	0	347318	1382204	0	28952	0.565246582
38892	0	289	50	0	0	745345	652074	0	35523	0.593444824
20682	0	745	48	1	31042	881102	1989465	1	0	0.315582275
44051	0	686	50	0	0	555164	714382	0	0	0.672164917
32479	0	747	48	0	0	973978	0	1	6429	0.49559021
32747	0	758	47	0	0	960753	2620599	1	5543	0.499679565
36038	0	155	50	0	0	234970	510036	0	27573	0.54989624
14180	0	862	50	1	0	28181	28181	0	0	0.216369629
32908	0	838	50	0	0	2062925	2202400	1	2023	0.50213623
33073	0	643	51	0	0	434051	1235345	0	0	0.504653931
31906	0	793	48	0	0	1779022	2533972	1	5068	0.486846924
26690	0	745	50	1	0	28583	28584	0	0	0.40725708
31832	0	694	50	0	0	1982123	2197012	1	9658	0.485717773
41135	0	515	50	0	0	1113993	721624	0	1612	0.627670288
28602	0	747	48	1	28602	231700	1871948	1	0	0.436431885
43875	0	563	50	0	0	1552870	2391156	0	43874	0.66947937
32109	0	710	50	0	0	555116	619040	0	0	0.489944458
27675	0	758	48	1	27675	731208	1789843	1	0	0.422286987
32476	0	650	50	0	0	1237318	1938758	0	13360	0.495544434
33333	0	577	50	0	0	483585	1088509	0	4527	0.508621216
32725	0	634	49	0	0	1533268	2070009	1	14667	0.499343872
34675	0	801	50	0	0	475919	1922298	0	34005	0.529098511
20622	0	793	48	1	29717	815552	1758476	1	0	0.314666748
40865	0	440	50	0	0	838939	673383	0	0	0.623550415
30516	0	838	48	1	30516	205502	1628306	1	0	0.465637207
42217	0	485	50	0	0	859613	1413964	0	31588	0.644180298
43507	0	319	50	0	0	300065	721530	0	9561	0.663864136
26326	0	862	48	1	26326	364295	1146097	1	0	0.401702881
36103	0	423	50	0	0	604006	1261271	0	32036	0.550888062
43265	0	508	50	0	0	380664	689064	0	23391	0.660171509
31864	0	831	48	0	0	1725357	2589438	1	8014	0.486206055
35361	0	586	50	0	0	371283	1210296	0	25077	0.53956604
8802	0	838	50	1	0	15133	15133	0	0	0.134307861
30989	0	75	50	0	0	1554083	1621109	1	1234	0.472854614
31252	0	862	49	1	31252	307374	708874	1	0	0.476867676
31542	0	813	50	0	0	982537	0	0	9601	0.481292725
31539	0	885	48	0	0	1197585	2700076	1	7633	0.481246948
32550	0	4	50	0	0	196804	594347	0	0	0.496673584
32111	0	804	49	0	0	1072848	1273811	1	23260	0.489974976
21677	0	838	50	1	0	23039	23039	0	0	0.330764771
32310	0	201	50	0	0	1150611	1197659	1	2340	0.493011475
32717	0	14	50	0	0	234636	413808	0	0	0.499221802
31565	0	867	50	0	0	192401	666204	0	0	0.481643677
32265	0	732	48	0	0	1100806	1484730	1	24838	0.492324829
18038	0	862	50	1	0	21049	21050	0	0	0.275238037
31745	0	29	50	0	0	1292697	1496322	1	7108	0.484390259
32692	0	2	50	0	0	211822	711167	0	0	0.498840332
32075	0	63	48	0	0	1089938	0	1	7902	0.489425659
32723	0	259	47	0	0	908139	2355552	1	3095	0.499313354
25969	0	885	50	1	0	29108	29109	0	0	0.396255493
32098	0	156	50	0	0	1206219	1275258	1	6859	0.489776611
32625	0	291	50	0	0	207113	676560	0	0	0.497817993
31926	0	107	48	0	0	1017886	0	1	8069	0.4871521
32938	0	137	47	0	0	868723	2259109	1	8709	0.502593994
19033	0	867	50	1	0	25860	25861	0	0	0.290420532
32782	0	567	50	0	0	1306715	1674010	1	27004	0.500213623
32920	0	76	50	0	0	327473	449574	0	0	0.502319336
19929	0	885	50	1	0	25699	25701	0	0	0.304092407
32039	0	318	50	0	0	1255413	1324227	1	5717	0.488876343
33103	0	270	50	0	0	238716	382560	0	0	0.505111694
33268	0	6	50	0	0	177541	544841	0	0	0.507629395
30236	0	867	48	1	30236	382196	814155	1	0	0.461364746
32405	0	333	50	0	0	211839	362662	0	0	0.49446106
32920	0	384	50	0	0	443391	524251	0	0	0.502319336
32783	0	370	48	0	0	1306582	1932402	1	6221	0.500228882
32937	0	240	49	0	0	866928	0	0	10726	0.502578735
32886	0	408	48	0	0	951361	1967192	1	3743	0.501800537
22726	0	885	50	1	0	23167	23168	0	0	0.34677124
33041	0	647	50	0	0	1468029	1878910	1	30267	0.504165649
33080	0	797	49	0	0	1030914	1235775	1	26370	0.504760742
33376	0	823	50	0	0	266622	507110	0	2473	0.509277344
9921	0	867	50	1	0	24155	24155	0	0	0.151382446
33568	0	296	50	0	0	1209044	1345227	1	32444	0.512207031
47635	0	148	50	0	0	320606	605961	0	31617	0.726852417
13110	0	885	50	1	0	23624	23624	0	0	0.200042725
33163	0	344	50	0	0	1188100	1277871	1	9703	0.506027222
47809	0	869	51	0	0	785429	785429	0	47809	0.729507446
25924	0	867	49	1	25924	344258	495795	1	0	0.395568848
33876	0	509	50	0	0	251497	663963	0	0	0.516906738
33671	0	454	48	0	0	1087699	1430384	1	7234	0.513778687
34102	0	444	50	0	0	256001	682181	0	0	0.520355225
29756	0	885	47	1	29756	264847	678360	1	0	0.454040527
33243	0	495	49	0	0	979627	1053093	1	7427	0.507247925
33864	0	397	50	0	0	268825	637383	0	0	0.516723633
33840	0	783	48	0	0	1136732	1555684	1	21438	0.516357422
27988	0	869	49	1	27987	122070	268475	0	0	0.427062988
34146	0	521	50	0	0	246995	382143	0	0	0.521026611
34054	0	552	50	0	0	237356	679529	0	0	0.519622803
30080	0	885	48	1	30080	126006	560772	1	0	0.458984375
33911	0	459	50	0	0	261838	446953	0	16646	0.517440796
33224	0	554	50	0	0	201916	403430	0	0	0.506958008
33535	0	351	50	0	0	258040	680212	0	5469	0.511703491
32349	0	869	48	1	32349	386651	1003230	1	0	0.493606567
34132	0	468	50	0	0	634520	708728	0	0	0.520812988
33096	0	572	50	0	0	232636	629974	0	1667	0.505004883
33761	0	559	48	0	0	1480448	1995592	1	7389	0.515151978
27133	0	885	50	1	0	27996	27996	0	0	0.414016724
33194	0	700	50	0	0	1799828	1850514	1	2678	0.506500244
33699	0	629	50	0	0	149155	188254	0	0	0.514205933
33490	0	663	50	0	0	193031	369192	0	1257	0.511016846
34078	0	638	50	0	0	256920	766871	0	27681	0.519989014
20371	0	869	50	1	0	23977	23978	0	0	0.310836792
34145	0	472	50	0	0	1771674	2008168	1	26701	0.521011353
34161	0	564	50	0	0	223179	668755	0	0	0.521255493
28404	0	885	48	1	28404	617512	1001847	1	0	0.433410645
34066	0	116	50	0	0	348811	803642	0	10109	0.519805908
33442	0	615	50	0	0	303505	675780	0	0	0.510284424
32555	0	869	47	1	32555	578615	1206708	1	0	0.496749878
33674	0	501	49	0	0	1087971	1219377	1	12815	0.513824463
35185	0	645	50	0	0	187321	314629	0	6292	0.536880493
38074	0	136	50	0	0	201991	468099	0	17702	0.580963135
23009	0	885	50	1	0	23697	23698	0	0	0.351089478
33713	0	792	50	0	0	1369979	1418709	1	2435	0.514419556
34835	0	539	50	0	0	510942	574971	0	0	0.531539917
33293	0	611	48	0	0	1128177	0	1	9577	0.508010864
33549	0	695	47	0	0	1257151	3415171	1	8640	0.511917114
34783	0	403	50	0	0	458090	1041367	0	17930	0.53074646
10195	0	869	50	1	0	15502	15502	0	0	0.155563354
33353	0	446	50	0	0	1661421	2111772	1	14897	0.508926392
41098	0	595	50	0	0	517210	1424186	0	26846	0.627105713
15050	0	792	50	1	0	19953	19955	0	0	0.229644775
32901	0	749	50	0	0	1782070	1870436	1	6589	0.502029419
38415	0	736	51	0	0	338066	647608	0	0	0.586166382
28889	0	869	48	1	28889	246218	854432	1	0	0.440811157
39468	0	624	50	0	0	1070099	1388730	0	6558	0.602233887
41544	0	488	50	0	0	908288	1938818	0	33309	0.633911133
16564	0	792	50	1	0	18622	18622	0	0	0.252746582
32352	0	733	50	0	0	1767165	2072387	1	8258	0.493652344
40624	0	837	50	0	0	767587	767588	0	40623	0.619873047
30379	0	869	49	1	30379	1328633	1928402	1	0	0.463546753
43819	0	245	50	0	0	537478	1369289	0	33826	0.668624878
31478	0	788	50	0	0	807100	1219486	0	0	0.480316162
32049	0	600	50	0	0	493967	1539392	0	11710	0.489028931
31993	0	764	49	0	0	1415051	1738532	1	7241	0.488174438
25659	0	792	50	1	0	24614	24616	0	0	0.391525269
32753	0	772	50	0	0	2733664	2987359	1	8221	0.499771118
33486	0	840	50	0	0	551478	628175	0	0	0.510955811
32379	0	868	48	0	0	1105044	0	1	3044	0.494064331
33312	0	99	47	0	0	1003026	2970022	1	4308	0.508300781
27965	0	837	50	1	0	36056	36056	0	0	0.426712036
33341	0	789	50	0	0	1838283	1946933	1	9683	0.508743286
33526	0	854	50	0	0	340005	732713	0	0	0.511566162
33293	0	85	48	0	0	1448077	1976336	1	7047	0.508010864
31797	0	869	49	1	31797	549458	745238	1	0	0.485183716
36112	0	743	50	0	0	660986	730505	0	4253	0.551025391
33459	0	744	50	0	0	219775	1371341	0	17570	0.510543823
33112	0	803	48	0	0	1139712	0	1	10004	0.505249023
33482	0	882	47	0	0	1040540	2992574	1	28797	0.510894775
8196	0	868	50	1	0	18341	18341	0	0	0.125061035
33599	0	406	50	0	0	1521312	1797313	1	20112	0.512680054
33656	0	861	49	0	0	1122337	1220305	1	9506	0.513549805
28225	0	869	50	1	0	35493	35494	0	0	0.430679321
33233	0	826	50	0	0	1268057	1383984	1	11763	0.507095337
46328	0	354	50	0	0	872543	872544	0	46327	0.70690918
28659	0	882	49	1	28659	371356	526065	1	0	0.437301636
33891	0	138	50	0	0	473966	634937	0	0	0.51713562
32923	0	155	48	0	0	1374260	1945571	1	6464	0.502365112
33388	0	198	50	0	0	256990	633367	0	0	0.509460449
33546	0	386	48	0	0	1399876	1855223	1	21206	0.511871338
33963	0	215	50	0	0	219539	379486	0	0	0.518234253
13146	0	869	50	1	0	24498	24498	0	0	0.200592041
33524	0	487	50	0	0	1223507	1400269	1	20424	0.511535645
30038	0	882	49	1	30038	254885	388504	1	0	0.458343506
32867	0	409	50	0	0	160330	327975	0	0	0.50151062
32931	0	580	50	0	0	254496	301360	0	0	0.502487183
32933	0	283	50	0	0	246674	660333	0	493	0.5025177
33671	0	330	48	0	0	1133518	1481070	1	5940	0.513778687
29276	0	869	50	1	0	29660	29660	0	0	0.446716309
33724	0	395	50	0	0	1309264	1515305	1	31205	0.514587402
34093	0	103	50	0	0	218666	309643	0	0	0.520217896
28176	0	882	50	1	0	27602	27603	0	0	0.429931641
33219	0	346	50	0	0	1506382	1586600	1	7617	0.506881714
33945	0	555	50	0	0	307452	688964	0	0	0.517959595
33037	0	440	48	0	0	1063580	0	1	4358	0.504104614
33664	0	869	47	1	34232	165223	1706695	1	0	0.513671875
33878	0	372	50	0	0	231047	681499	0	0	0.516937256
33889	0	619	48	0	0	1233428	1686378	1	33683	0.517105103
26181	0	882	49	1	26181	124036	363422	1	0	0.399490356
35844	0	171	50	0	0	391802	448419	0	4302	0.546936035
33598	0	422	50	0	0	219501	733595	0	0	0.512664795
33821	0	493	48	0	0	1282510	0	1	4263	0.516067505
34068	0	735	47	0	0	1008554	2755072	1	34035	0.519836426
14498	0	869	50	1	0	21468	21470	0	0	0.221221924
34096	0	561	50	0	0	1194629	1509215	1	34096	0.520263672
34505	0	47	50	0	0	236769	361906	0	10348	0.526504517
23576	0	882	50	1	0	23629	23630	0	0	0.359741211
33099	0	450	50	0	0	1247598	1314656	1	6513	0.505050659
33873	0	473	50	0	0	313460	427335	0	0	0.516860962
34160	0	770	50	0	0	236598	698003	0	22039	0.521240234
32373	0	869	48	1	32373	318248	717977	1	0	0.493972778
34216	0	78	50	0	0	254564	292768	0	2051	0.522094727
34661	0	81	50	0	0	334249	679267	0	16546	0.528884888
34079	0	549	48	0	0	1024028	1542279	1	5178	0.520004272
22406	0	882	50	1	0	22484	22485	0	0	0.341888428
33548	0	512	50	0	0	1236696	1313323	1	6758	0.511901855
34173	0	197	50	0	0	350130	641416	0	0	0.521438599
30684	0	869	48	1	30684	129947	643044	1	0	0.468200684
34143	0	508	50	0	0	383163	661471	0	137	0.520980835
34010	0	514	50	0	0	246319	606946	0	2816	0.518951416
33901	0	178	50	0	0	254931	715729	0	7567	0.517288208
34140	0	513	48	0	0	1267141	1713225	1	9341	0.520935059
20947	0	882	50	1	0	19289	19289	0	0	0.319625854
33827	0	567	50	0	0	1466503	1559468	1	6705	0.516159058
33925	0	435	50	0	0	418007	695802	0	0	0.517654419
33175	0	526	48	0	0	1065680	0	1	7180	0.506210327
33923	0	586	47	0	0	974117	2590299	1	5630	0.517623901
24077	0	869	50	1	0	29976	29976	0	0	0.367385864
33959	0	582	50	0	0	1249332	1320932	1	6876	0.518173218
34541	0	104	50	0	0	648322	648322	0	34541	0.527053833
34066	0	647	49	0	0	1159882	0	1	4447	0.519805908
34080	0	163	48	0	0	1032362	0	1	19012	0.520019531
34184	0	646	47	0	0	936449	3430232	1	34162	0.521606445
9868	0	882	50	1	0	14819	14819	0	0	0.15057373
33313	0	635	50	0	0	1110499	1185872	1	5087	0.50831604
34228	0	118	50	0	0	684903	684903	0	34228	0.522277832
29329	0	869	49	1	29329	301651	460753	1	0	0.447525024
35003	0	673	50	0	0	320102	418935	0	7286	0.534103394
34030	0	590	50	0	0	990126	0	0	7702	0.519256592
33539	0	622	48	0	0	989430	0	1	7257	0.511764526
33750	0	598	47	0	0	995728	3495101	1	8481	0.514984131
17414	0	882	50	1	0	20281	20282	0	0	0.265716553
34191	0	752	50	0	0	1292941	1513805	1	34143	0.521713257
34564	0	8	50	0	0	234499	639431	0	25051	0.527404785
21520	0	869	50	1	0	22427	22428	0	0	0.328369141
33590	0	709	50	0	0	1207495	1258207	1	3668	0.512542725
34040	0	585	50	0	0	280549	356599	0	0	0.51940918
33574	0	650	50	0	0	230245	657143	0	43	0.512298584
31868	0	882	48	1	31868	331453	829053	1	0	0.48626709
33780	0	659	50	0	0	296997	688841	0	0	0.515441895
33748	0	665	50	0	0	581819	758348	0	0	0.514953613
34208	0	727	48	0	0	1426864	2670108	1	29993	0.521972656
18288	0	752	49	1	18288	120486	434961	1	0	0.279052734
34789	0	7	50	0	0	581042	1408611	0	21844	0.530838013
35916	0	491	50	0	0	771146	1012770	0	3609	0.548034668
23288	0	882	48	1	23303	326683	1564937	1	0	0.35534668
34837	0	49	50	0	0	447746	1358048	0	27068	0.531570435
45071	0	739	50	0	0	1050262	755166	0	6603	0.687728882
22707	0	752	48	1	22731	345509	1960481	1	0	0.346481323
41864	0	398	50	0	0	289326	1006755	0	34650	0.638793945
33738	0	715	50	0	0	620621	727458	0	0	0.514801025
26483	0	882	48	1	26483	860622	1962872	1	0	0.404098511
33253	0	793	50	0	0	1343559	2098552	0	3954	0.507400513
38417	0	614	50	0	0	1074046	1698642	0	22395	0.586196899
43347	0	207	50	0	0	586977	1462956	0	18880	0.661422729
32915	0	831	47	0	0	2003051	0	1	1758	0.502243042
33537	0	685	47	0	0	1491405	0	1	9151	0.511734009
34123	0	167	46	0	0	1591104	6790527	1	33471	0.520675659
8142	0	752	50	1	0	19755	19756	0	0	0.124237061
33759	0	745	50	0	0	1371246	1792232	1	8443	0.51512146
44033	0	718	50	0	0	1053252	981665	0	0	0.671890259
24688	0	793	48	1	24688	341597	1715355	1	0	0.376708984
33433	0	747	50	0	0	414416	1216500	0	0	0.510147095
33632	0	758	48	0	0	1186246	1773723	1	8117	0.513183594
34163	0	424	50	0	0	464819	678306	0	17377	0.521286011
33626	0	485	48	0	0	1297211	2247331	1	19298	0.513092041
15526	0	831	50	1	0	18838	18839	0	0	0.236907959
33104	0	823	50	0	0	1371085	1477389	1	6528	0.505126953
33994	0	510	50	0	0	301557	718705	0	0	0.518707275
31678	0	882	48	1	31678	173386	937833	1	0	0.48336792
33987	0	518	50	0	0	559416	1209156	0	14329	0.518600464
46805	0	529	50	0	0	659696	1128336	0	11001	0.714187622
28475	0	831	47	1	28684	616715	1709955	1	0	0.434494019
33027	0	867	49	0	0	1171264	1294803	1	7419	0.503952026
43969	0	669	50	0	0	517956	739194	0	13717	0.670913696
39496	0	870	50	0	0	465928	655740	0	14757	0.602661133
33654	0	2	48	0	0	1396434	0	1	7694	0.513519287
33671	0	63	47	0	0	1025416	3245455	1	6275	0.513778687
15842	0	882	50	1	0	20846	20848	0	0	0.241729736
33345	0	14	50	0	0	1205160	1287940	1	6973	0.508804321
33919	0	137	50	0	0	156209	642113	0	0	0.517562866
32728	0	801	48	0	0	969770	0	1	10049	0.499389648
33248	0	783	47	0	0	987053	2299966	1	11309	0.507324219
18885	0	867	50	1	0	24158	24159	0	0	0.288162231
33261	0	76	50	0	0	1218358	1304164	1	7104	0.507522583
33345	0	318	50	0	0	208441	360715	0	0	0.508804321
33169	0	538	50	0	0	237025	625529	0	20090	0.506118774
33270	0	660	48	0	0	1109442	1589136	1	16187	0.507659912
14073	0	870	50	1	0	31180	31182	0	0	0.214736938
33395	0	640	50	0	0	1234679	1427297	1	26762	0.509567261
33901	0	116	50	0	0	217518	375325	0	0	0.517288208
30010	0	882	50	1	0	28885	28887	0	0	0.45791626
33152	0	463	50	0	0	1331969	1504751	1	21758	0.505859375
34005	0	126	50	0	0	262228	666558	0	0	0.518875122
22528	0	870	48	1	22528	66787	487876	1	0	0.34375
33414	0	156	50	0	0	199317	382679	0	5462	0.509857178
33942	0	397	50	0	0	232545	387568	0	0	0.517913818
33501	0	270	50	0	0	171228	392088	0	6156	0.511184692
33688	0	683	49	0	0	1015426	0	1	30669	0.514038086
33945	0	674	48	0	0	998179	2293236	1	18145	0.517959595
8811	0	882	50	1	0	22149	22150	0	0	0.13444519
33360	0	291	50	0	0	1105467	1170395	1	5864	0.509033203
34119	0	240	50	0	0	217894	657402	0	0	0.520614624
33537	0	370	48	0	0	1098697	0	1	5397	0.511734009
33543	0	259	47	0	0	953706	2415175	1	7657	0.511825562
24054	0	870	50	1	0	27910	27911	0	0	0.367034912
33486	0	471	50	0	0	1265013	1429462	1	23079	0.510955811
47446	0	594	50	0	0	773494	773496	0	47446	0.723968506
21644	0	882	49	1	21644	293676	422000	1	0	0.33026123
35552	0	706	50	0	0	264127	436817	0	23221	0.542480469
34104	0	603	50	0	0	247290	449278	0	21058	0.520385742
34225	0	468	49	0	0	981222	0	1	5767	0.522232056
34348	0	805	48	0	0	1011935	2220686	1	34108	0.524108887
13734	0	870	50	1	0	19651	19652	0	0	0.209564209
33689	0	408	50	0	0	1180154	1252612	1	6912	0.514053345
33846	0	487	50	0	0	262325	655946	0	0	0.516448975
34434	0	439	48	0	0	1166964	0	1	30106	0.525421143
34456	0	263	47	0	0	1002257	0	1	34456	0.525756836
34469	0	344	46	0	0	992092	3743282	1	10905	0.5259552
6537	0	882	50	1	0	10679	10680	0	0	0.099746704
34341	0	406	50	0	0	1095701	1196197	1	9745	0.524002075
34482	0	152	50	0	0	251515	599316	0	0	0.526153564
25434	0	870	48	1	25434	101029	518952	1	0	0.388092041
34090	0	495	50	0	0	157106	636334	0	0	0.520172119
33350	0	554	48	0	0	1009490	1236820	1	4143	0.508880615
34759	0	192	50	0	0	231730	641103	0	9061	0.530380249
33787	0	882	48	1	33787	201545	614373	1	0	0.515548706
34175	0	459	50	0	0	197331	364258	0	0	0.521469116
33962	0	509	50	0	0	230439	688980	0	0	0.518218994
33332	0	615	48	0	0	1062078	1348594	1	1724	0.508605957
33861	0	245	49	0	0	1008879	0	1	14788	0.516677856
34028	0	444	48	0	0	984500	2209730	1	11803	0.519226074
15592	0	870	50	1	0	19959	19959	0	0	0.237915039
33924	0	564	50	0	0	1304159	1379558	1	5967	0.51763916
37327	0	690	50	0	0	534257	638200	0	0	0.569564819
31505	0	882	48	1	31505	304172	1239617	1	0	0.480728149
33904	0	528	50	0	0	211385	520667	0	12531	0.517333984
34031	0	539	50	0	0	304043	648790	0	0	0.519271851
31728	0	870	48	1	31728	441218	890402	1	0	0.484130859
33051	0	580	50	0	0	179439	406302	0	0	0.504318237
34109	0	296	50	0	0	316680	461255	0	0	0.520462036
33657	0	488	50	0	0	220233	665685	0	7218	0.513565063
33924	0	496	48	0	0	1194623	1659032	1	25712	0.51763916
12442	0	882	50	1	0	22310	22311	0	0	0.189849854
34112	0	577	50	0	0	1397963	1569420	1	25109	0.520507813
34147	0	624	50	0	0	216505	536391	0	0	0.52104187
31041	0	870	50	1	0	31851	31851	0	0	0.473648071
34076	0	201	50	0	0	1509706	1662344	1	19007	0.519958496
39500	0	455	50	0	0	457198	666278	0	4096	0.602722168
26644	0	882	48	1	26644	203029	1019308	1	0	0.406555176
34792	0	56	50	0	0	259277	385323	0	7805	0.530883789
34649	0	203	50	0	0	351915	762060	0	8003	0.528701782
31520	0	690	48	1	31520	244115	853426	1	0	0.480957031
34156	0	638	50	0	0	455022	655112	0	0	0.521179199
34157	0	600	50	0	0	773876	655656	0	0	0.521194458
33671	0	700	47	0	0	1808264	0	1	6132	0.513778687
33739	0	663	47	0	0	1366313	0	1	7140	0.514816284
34367	0	247	46	0	0	1418673	6258932	1	34367	0.524398804
11138	0	624	50	1	0	16646	16647	0	0	0.169952393
33895	0	789	50	0	0	1351316	1438076	1	4638	0.517196655
34411	0	208	50	0	0	656345	656346	0	34411	0.52507019
29215	0	638	49	1	29215	1095120	1576292	1	0	0.445785522
33055	0	749	50	0	0	630215	651751	0	0	0.504379272
33133	0	735	48	0	0	2037631	3050311	1	8257	0.505569458
46832	0	628	50	0	0	1007395	825462	0	31717	0.714599609
34248	0	743	48	0	0	2102586	0	1	7562	0.522583008
34329	0	770	47	0	0	1625641	5643777	1	7585	0.52381897
11269	0	663	50	1	0	20989	20990	0	0	0.171951294
34392	0	429	50	0	0	1773344	2420628	1	27992	0.524780273
34839	0	708	50	0	0	761490	1753804	0	14429	0.531600952
29619	0	690	48	1	30243	972092	2248577	1	0	0.451950073
34453	0	719	50	0	0	1215333	1608443	0	7368	0.52571106
35432	0	734	50	0	0	570330	955455	0	23274	0.540649414
30239	0	700	48	1	30669	1167021	2346907	1	0	0.461410522
38476	0	224	50	0	0	304242	989167	0	15740	0.587097168
41874	0	447	50	0	0	580734	697657	0	2889	0.638946533
23773	0	708	48	1	23773	86038	857069	1	0	0.362747192
33598	0	8	50	0	0	280862	674215	0	0	0.512664795
32838	0	81	48	0	0	1228730	1617410	1	1629	0.501068115
33083	0	854	50	0	0	387767	651608	0	0	0.504806519
33274	0	837	47	0	0	1342742	0	1	7623	0.507720947
33385	0	559	47	0	0	1244346	0	1	15679	0.509414673
33494	0	803	46	0	0	1000794	4219368	1	8386	0.511077881
12541	0	719	50	1	0	17879	17880	0	0	0.191360474
33318	0	744	50	0	0	1218344	1435387	1	12070	0.508392334
33884	0	103	50	0	0	354219	689200	0	0	0.517028809
33537	0	734	48	1	33537	443682	1080855	1	0	0.511734009
47502	0	174	50	0	0	314122	740984	0	44310	0.724822998
41949	0	681	50	0	0	351611	1659470	0	30891	0.640090942
33204	0	735	47	1	34339	463012	1104505	1	0	0.506652832
33522	0	868	49	0	0	877573	976457	0	9203	0.511505127
34111	0	163	50	0	0	413430	655271	0	0	0.520492554
33887	0	695	48	0	0	1122295	1687565	1	15147	0.517074585
28812	0	743	49	1	28812	129208	396967	1	0	0.43963623
34144	0	384	50	0	0	204572	448401	0	13654	0.520996094
34212	0	78	50	0	0	191296	636704	0	0	0.522033691
32712	0	744	48	1	32712	233552	599643	1	0	0.499145508
33888	0	207	50	0	0	243120	657425	0	0	0.517089844
33531	0	395	48	0	0	1063866	1361500	1	1898	0.511642456
34151	0	275	50	0	0	210721	496745	0	27718	0.521102905
33158	0	749	49	1	33158	168825	314074	0	0	0.505950928
34807	0	93	50	0	0	630148	630149	0	34807	0.531112671
33554	0	330	50	0	0	1224552	1292720	1	4703	0.511993408
34322	0	328	49	0	0	993419	0	1	34322	0.523712158
34362	0	178	48	0	0	1002373	2245224	1	8039	0.52432251
12424	0	770	50	1	0	17023	17023	0	0	0.189575195
34387	0	458	50	0	0	1189083	1374818	1	34193	0.524703979
34639	0	418	49	0	0	827088	1058867	0	34637	0.528549194
16538	0	789	50	1	0	28677	28678	0	0	0.252349854
34075	0	283	50	0	0	1172307	1249664	1	7383	0.519943237
34497	0	47	50	0	0	253741	706831	0	0	0.526382446
34086	0	409	48	0	0	1014402	0	1	4706	0.520111084
34243	0	736	47	0	0	1019854	2493778	1	18389	0.522506714
16285	0	803	50	1	0	27610	27610	0	0	0.24848938
33961	0	197	50	0	0	1180198	1297242	1	10412	0.518203735
34044	0	733	50	0	0	241904	903763	0	0	0.519470215
29835	0	837	48	1	29835	193189	586590	1	0	0.455245972
33882	0	138	50	0	0	265467	673028	0	0	0.516998291
33982	0	454	48	0	0	1167198	1636651	1	23090	0.51852417
28589	0	854	49	1	28589	130096	259744	1	0	0.436233521
34373	0	4	50	0	0	282490	451936	0	11042	0.524490356
34541	0	229	50	0	0	615977	615978	0	34541	0.527053833
28180	0	868	49	1	28180	340757	483901	1	0	0.429992676
34143	0	485	50	0	0	379049	638163	0	0	0.520980835
33707	0	372	48	0	0	1228857	1714021	1	9930	0.514328003
34089	0	601	50	0	0	213831	705517	0	18492	0.52015686
33767	0	854	48	1	33767	273719	709583	1	0	0.51524353
34746	0	315	50	0	0	663258	663260	0	34746	0.530181885
33406	0	513	50	0	0	1436017	1514223	1	3674	0.509735107
34107	0	686	50	0	0	299115	849904	0	24045	0.520431519
34481	0	323	50	0	0	289926	733381	0	29694	0.526138306
11905	0	868	50	1	0	22939	22940	0	0	0.181655884
34213	0	450	50	0	0	1161938	1272675	1	9544	0.52204895
34464	0	356	51	0	0	657281	657281	0	34464	0.525878906
25394	0	854	50	1	25394	359192	513013	1	0	0.387481689
33126	0	493	51	0	0	225931	836267	0	0	0.505462646
33360	0	510	48	0	0	1221016	1689511	1	7069	0.509033203
33918	0	435	50	0	0	504357	724370	0	0	0.517547607
29155	0	868	47	1	29155	303650	951382	1	0	0.444869995
34037	0	472	49	0	0	998088	1203556	0	24352	0.519363403
33726	0	549	50	0	0	560929	596683	0	0	0.51461792
33295	0	518	47	0	0	1328159	0	1	7784	0.508041382
34134	0	813	47	0	0	1060706	0	1	27612	0.520843506
34367	0	531	46	0	0	1054093	4542764	1	34203	0.524398804
34715	0	362	50	0	0	361806	633676	0	9602	0.529708862
4241	0	854	50	1	0	15643	15643	0	0	0.064712524
33337	0	529	50	0	0	1185433	1303582	1	7133	0.508682251
33782	0	586	50	0	0	370479	645928	0	0	0.515472412
25945	0	868	48	1	25945	765636	1407756	1	0	0.395889282
33659	0	473	50	0	0	360593	667952	0	0	0.513595581
33264	0	582	50	0	0	206625	639120	0	0	0.507568359
33229	0	598	47	0	0	1459675	0	1	5611	0.507034302
33534	0	440	47	0	0	1153150	0	1	13528	0.511688232
33798	0	538	46	0	0	1045594	4165278	1	9824	0.515716553
14168	0	854	50	1	0	21774	21774	0	0	0.216186523
33459	0	826	50	0	0	1230689	1386096	1	20351	0.510543823
34106	0	508	50	0	0	240967	602258	0	0	0.52041626
27224	0	868	50	1	0	33916	33917	0	0	0.415405273
33748	0	622	50	0	0	1737092	1941459	1	6870	0.514953613
38553	0	59	50	0	0	784397	724006	0	0	0.588272095
33067	0	854	48	1	33067	248096	1211755	1	0	0.504562378
33529	0	772	50	0	0	228978	467677	0	13197	0.511611938
33539	0	629	50	0	0	243459	662642	0	0	0.511764526
27612	0	868	48	1	27612	140163	616530	1	0	0.421325684
32590	0	640	50	0	0	326995	639296	0	0	0.497283936
32592	0	683	48	0	0	1122073	1516250	1	3183	0.497314453
38226	0	829	50	0	0	304120	619252	0	30243	0.583282471
25555	0	772	49	1	25555	164427	453324	1	0	0.389938354
33285	0	659	50	0	0	464396	859673	0	0	0.507888794
32882	0	869	50	0	0	545086	1508037	0	18932	0.501739502
30938	0	683	49	1	30938	535944	922101	1	0	0.472076416
33291	0	155	50	0	0	699631	1119146	0	0	0.507980347
33345	0	647	50	0	0	211433	421077	0	8134	0.508804321
33416	0	674	49	0	0	1165918	1345951	1	6955	0.509887695
30579	0	772	50	1	0	27249	27250	0	0	0.466598511
33581	0	669	50	0	0	1949124	2290328	1	8559	0.512405396
33785	0	446	50	0	0	864023	639356	0	0	0.515518188
30965	0	829	47	1	30965	506159	2010111	1	0	0.472488403
32873	0	709	49	0	0	1384736	1676210	1	6611	0.501602173
33552	0	739	50	0	0	982567	752841	0	0	0.511962891
33606	0	831	48	0	0	2007622	3232404	1	3122	0.512786865
46579	0	848	50	0	0	1124183	803564	0	30328	0.710739136
29830	0	869	48	1	29830	1304377	2750836	1	0	0.455169678
37033	0	730	50	0	0	717162	1767228	0	16663	0.565078735
37949	0	740	50	0	0	563994	710173	0	26498	0.579055786
33402	0	585	48	0	0	2177624	3642250	1	13883	0.509674072
13850	0	831	50	1	0	17597	17598	0	0	0.211334229
32652	0	805	50	0	0	1857116	1979667	1	3960	0.49822998
40659	0	839	50	0	0	956779	1053375	0	2137	0.620407104
33092	0	758	48	0	0	1534052	2857640	1	6143	0.504943848
28013	0	848	50	1	0	28942	28943	0	0	0.427444458
33236	0	715	50	0	0	2795421	3200847	1	8727	0.507141113
44085	0	194	50	0	0	801430	801432	0	44085	0.672683716
28209	0	869	49	1	28209	1566712	2184720	1	0	0.430435181
46399	0	688	50	0	0	678259	1282767	0	27872	0.707992554
32932	0	793	49	0	0	1029678	1224675	1	6365	0.502502441
41703	0	782	50	0	0	709773	1474052	0	36969	0.63633728
15488	0	848	50	1	0	18279	18281	0	0	0.236328125
33456	0	650	50	0	0	1367040	1648134	1	13315	0.510498047
43484	0	40	50	0	0	696061	696063	0	43484	0.663513184
23338	0	869	49	1	23338	641550	855080	1	0	0.356109619
33300	0	167	50	0	0	457475	1112405	0	0	0.508117676
33891	0	491	48	0	0	1272472	2056607	1	20074	0.51713562
33892	0	710	50	0	0	310290	684964	0	15283	0.517150879
32545	0	848	48	1	32546	323644	863919	1	0	0.49659729
33925	0	747	50	0	0	378179	626891	0	0	0.517654419
33835	0	7	50	0	0	407583	663389	0	0	0.516281128
34049	0	126	50	0	0	238739	385102	0	0	0.519546509
31479	0	869	50	1	0	31587	31587	0	0	0.480331421
33894	0	718	50	0	0	1323529	1453293	1	13880	0.517181396
34010	0	208	50	0	0	311681	525823	0	0	0.518951416
34059	0	14	50	0	0	252111	621709	0	3865	0.519699097
32299	0	848	48	1	32299	297503	708375	1	0	0.492843628
33662	0	63	50	0	0	234660	413913	0	0	0.513641357
33221	0	116	50	0	0	256644	401354	0	758	0.506912231
33194	0	882	50	0	0	248574	746392	0	0	0.506500244
31919	0	869	48	1	31919	284875	686453	1	0	0.487045288
33637	0	552	50	0	0	241145	518463	0	21834	0.513259888
34779	0	55	50	0	0	659945	659947	0	34779	0.530685425
20830	0	848	49	1	20830	321204	456322	1	0	0.317840576
33919	0	201	50	0	0	182417	396766	0	5806	0.517562866
34786	0	132	50	0	0	162907	184664	0	532	0.530792236
34463	0	213	50	0	0	231993	686497	0	14827	0.525863647
31535	0	869	48	1	31535	216302	598496	1	0	0.481185913
34218	0	247	50	0	0	261384	641296	0	0	0.522125244
34214	0	389	48	0	0	1127643	1584054	1	34214	0.522064209
30129	0	882	49	1	30129	128617	284456	1	0	0.459732056
34701	0	49	50	0	0	232941	629641	0	0	0.529495239
34021	0	291	48	0	0	1032040	1366449	1	6803	0.519119263
34812	0	170	50	0	0	207293	678730	0	29144	0.531188965
34259	0	346	48	0	0	1192824	1591255	1	24478	0.522750854
18308	0	869	50	1	0	21995	21996	0	0	0.27935791
33680	0	318	50	0	0	1217093	1285409	1	5510	0.513916016
34018	0	245	50	0	0	254808	391590	0	0	0.519073486
33304	0	259	50	0	0	194941	647353	0	0	0.508178711
32524	0	882	48	1	32524	293301	650539	1	0	0.496276855
33805	0	727	50	0	0	260310	352070	0	0	0.515823364
33417	0	224	50	0	0	238188	638323	0	0	0.509902954
29866	0	869	47	1	29866	244243	643098	1	0	0.455718994
33695	0	439	49	0	0	960706	1030210	1	5449	0.514144897
34115	0	515	50	0	0	242768	432399	0	15929	0.520553589
34077	0	665	49	0	0	905850	1083458	0	20376	0.519973755
34788	0	58	50	0	0	247977	490240	0	21719	0.530822754
9633	0	882	50	1	0	23780	23781	0	0	0.146987915
34147	0	370	50	0	0	1141436	1225600	1	8618	0.52104187
34590	0	252	51	0	0	668873	668873	0	34590	0.527801514
25973	0	869	50	1	26190	281175	503372	1	0	0.396316528
33264	0	447	49	0	0	1056651	1123713	1	5984	0.507568359
33585	0	406	50	0	0	243557	416396	0	647	0.512466431
33623	0	459	50	0	0	240651	395361	0	0	0.513046265
31484	0	882	50	1	0	30691	30692	0	0	0.480407715
33795	0	471	50	0	0	1305159	1373037	1	5931	0.515670776
34147	0	444	50	0	0	278139	506026	0	0	0.52104187
33502	0	528	50	0	0	259897	432533	0	2106	0.511199951
33995	0	611	49	0	0	1046354	1229139	1	28745	0.518722534
18532	0	869	50	1	0	20522	20522	0	0	0.282775879
33975	0	567	50	0	0	1275284	1468865	1	23494	0.518417358
34359	0	263	50	0	0	296711	642343	0	0	0.524276733
28519	0	882	48	1	28521	428240	967855	1	0	0.435165405
34476	0	400	50	0	0	266855	328393	0	6303	0.526062012
33803	0	488	50	0	0	425542	685736	0	0	0.515792847
33301	0	496	47	0	0	1097773	0	1	7225	0.508132935
33342	0	869	47	1	34326	183644	1848487	1	0	0.508758545
33494	0	559	50	0	0	365475	651094	0	0	0.511077881
33844	0	783	48	0	0	1253317	1832639	1	20217	0.516418457
34092	0	594	49	0	0	884153	0	1	4229	0.520202637
34171	0	626	48	0	0	959832	2185987	1	34171	0.521408081
38901	0	186	50	0	0	222520	496781	0	15409	0.593582153
10811	0	882	50	1	0	26739	26740	0	0	0.164962769
33565	0	554	50	0	0	1125623	1213810	1	7531	0.512161255
39919	0	668	51	0	0	633792	633792	0	39919	0.609115601
20401	0	869	49	1	20401	277772	519749	1	0	0.311294556
34517	0	445	50	0	0	560889	560890	0	34514	0.526687622
33209	0	628	50	0	0	1196340	1252921	1	4411	0.506729126
34351	0	481	49	0	0	991515	1284232	1	34310	0.524154663
18585	0	882	50	1	0	21434	21434	0	0	0.283584595
34390	0	779	50	0	0	1552792	1888652	1	33140	0.524749756
34807	0	490	49	0	0	971638	1465145	0	34807	0.531112671
19209	0	869	50	1	0	21554	21555	0	0	0.293106079
34323	0	580	50	0	0	1337212	1616824	1	9536	0.523727417
34805	0	289	50	0	0	563245	646830	0	228	0.531082153
33137	0	668	48	1	33138	445425	1431919	1	0	0.505630493
34478	0	540	50	0	0	718711	1180961	0	10664	0.526092529
33771	0	663	50	0	0	668214	595538	0	0	0.515304565
26830	0	779	47	1	26830	442503	1493819	1	0	0.409393311
33222	0	681	49	0	0	956653	1024229	1	6188	0.50692749
37626	0	52	50	0	0	249188	347312	0	9633	0.574127197
34171	0	690	50	0	0	214108	389261	0	0	0.521408081
29838	0	869	50	1	0	27101	27102	0	0	0.455291748
34032	0	700	50	0	0	1414434	1573144	1	6458	0.519287109
36864	0	771	50	0	0	820253	613452	0	0	0.5625
32682	0	779	48	1	32682	240690	1385588	1	0	0.498687744
34063	0	296	50	0	0	409483	1011883	0	2433	0.519760132
34810	0	115	50	0	0	805512	805513	0	34810	0.531158447
29629	0	869	49	1	29629	1279986	1484742	1	0	0.452102661
35937	0	676	50	0	0	505149	1171737	0	22643	0.548355103
33507	0	735	50	0	0	668659	622969	0	0	0.511276245
33748	0	601	48	0	0	1762687	0	1	11223	0.514953613
34162	0	743	47	0	0	1521000	4555825	1	6959	0.521270752
34433	0	270	50	0	0	667323	1334817	0	14384	0.525405884
10068	0	779	50	1	0	21088	21088	0	0	0.153625488
33183	0	734	50	0	0	2177303	2584458	1	7343	0.506332397
39132	0	818	51	0	0	583217	967108	0	27111	0.597106934
19387	0	869	50	1	0	22528	22528	0	0	0.295822144
32944	0	789	50	0	0	1082437	1152388	1	5440	0.502685547
33815	0	813	50	0	0	455784	909209	0	0	0.515975952
34077	0	837	50	0	0	677374	645053	0	0	0.519973755
31411	0	779	48	1	31411	970079	2192447	1	0	0.479293823
33435	0	744	50	0	0	912332	1106121	0	7667	0.510177612
35844	0	388	50	0	0	969368	1022026	0	7396	0.546936035
34118	0	59	50	0	0	834950	1610664	0	522	0.520599365
33716	0	174	48	0	0	2062065	0	1	835	0.514465332
34085	0	4	47	0	0	1571603	4575583	1	6961	0.520095825
26081	0	789	50	1	0	29021	29022	0	0	0.397964478
34272	0	137	50	0	0	1506910	1671579	1	22997	0.522949219
34567	0	81	50	0	0	361361	670304	0	0	0.527450562
33785	0	813	48	1	33785	402104	969524	1	0	0.515518188
34789	0	158	50	0	0	311586	567650	0	16337	0.530838013
34476	0	275	50	0	0	240129	1040063	0	2465	0.526062012
34223	0	495	48	0	0	1245357	0	1	18935	0.522201538
34276	0	706	47	0	0	1191263	3079364	1	25758	0.523010254
9764	0	818	50	1	0	15886	15886	0	0	0.148986816
34087	0	749	50	0	0	1305003	1468172	1	12436	0.520126343
34806	0	286	50	0	0	152333	1410110	0	3572	0.531097412
34334	0	752	48	0	0	1129862	0	1	25825	0.523895264
34342	0	8	47	0	0	1210912	3219087	1	10295	0.524017334
11679	0	837	50	1	0	16913	16914	0	0	0.178207397
34169	0	868	50	0	0	1721314	1996919	1	11046	0.521377563
34478	0	155	50	0	0	783336	558211	0	0	0.526092529
31309	0	869	48	1	31309	1071780	2190907	1	0	0.477737427
37307	0	396	50	0	0	346739	790066	0	35155	0.569259644
34814	0	237	50	0	0	238277	1028093	0	4433	0.531219482
29116	0	868	48	1	29231	135708	514333	1	0	0.444274902
40677	0	666	50	0	0	919492	1146157	0	40677	0.620681763
33894	0	103	50	0	0	350022	513208	0	0	0.517181396
26525	0	869	48	1	26525	402835	1051645	1	0	0.40473938
33599	0	330	50	0	0	172968	387263	0	5164	0.512680054
34786	0	207	50	0	0	299814	697214	0	0	0.530792236
33475	0	395	48	0	0	1098171	1542564	1	4389	0.510787964
33856	0	686	49	0	0	1014570	0	1	17753	0.516601563
34008	0	408	48	0	0	1004312	2271003	1	22768	0.518920898
11559	0	868	50	1	0	19434	19436	0	0	0.176376343
34117	0	600	50	0	0	1063568	1214282	1	19705	0.520584106
34526	0	2	50	0	0	271578	984682	0	0	0.526824951
22000	0	869	48	1	22000	104094	655100	1	0	0.335693359
33299	0	440	50	0	0	430043	604929	0	0	0.508102417
33989	0	323	48	0	0	1240247	1950284	1	8808	0.518630981
37264	0	17	50	0	0	221060	659160	0	28705	0.568603516
33937	0	590	48	0	0	1232043	1890895	1	28322	0.517837524
11544	0	868	50	1	0	29040	29040	0	0	0.176147461
33815	0	163	50	0	0	1140713	1263071	1	12043	0.515975952
34757	0	93	50	0	0	231959	620752	0	0	0.530349731
30440	0	869	47	1	30440	217819	608508	1	0	0.464477539
33830	0	473	49	0	0	885827	957993	1	4769	0.516204834
33836	0	446	50	0	0	337539	526071	0	0	0.516296387
33582	0	450	48	0	0	1182636	1621362	1	7207	0.512420654
33926	0	491	49	0	0	981082	0	1	5609	0.517669678
34426	0	760	48	0	0	1017034	2245079	1	34230	0.525299072
13234	0	868	50	1	0	20360	20360	0	0	0.201934814
33671	0	508	50	0	0	1157107	1229791	1	5160	0.513778687
33967	0	409	50	0	0	233791	653029	0	0	0.518295288
34321	0	458	48	0	0	1059297	0	1	8451	0.523696899
34332	0	372	47	0	0	988342	2472139	1	10819	0.523864746
20529	0	869	50	1	0	23954	23954	0	0	0.313247681
34210	0	736	50	0	0	1281053	1450011	1	19584	0.522003174
34620	0	322	50	0	0	267444	925690	0	2439	0.528259277
21092	0	868	48	1	21126	100390	568748	1	0	0.321838379
34173	0	538	50	0	0	283277	654602	0	0	0.521438599
34371	0	797	48	0	0	1173163	1647373	1	32833	0.524459839
33064	0	869	49	1	33064	139045	304218	1	0	0.504516602
34700	0	363	50	0	0	280321	479497	0	19342	0.52947998
34548	0	586	50	0	0	166007	634549	0	0	0.527160645
34398	0	529	48	0	0	1099472	0	1	8258	0.524871826
34424	0	315	47	0	0	1037242	2497392	1	15937	0.525268555
19346	0	868	50	1	0	22115	22116	0	0	0.295196533
34407	0	823	50	0	0	1444885	1725112	1	28008	0.525009155
34732	0	582	50	0	0	214333	462046	0	2488	0.529968262
28816	0	869	50	1	0	25286	25288	0	0	0.439697266
33994	0	518	50	0	0	1366971	1470861	1	9994	0.518707275
34696	0	632	50	0	0	271464	581437	0	0	0.529418945
30050	0	868	48	1	30050	187466	809443	1	0	0.458526611
33460	0	659	50	0	0	230375	602099	0	2673	0.510559082
34712	0	509	50	0	0	334148	1480961	0	0	0.529663086
33843	0	622	47	0	0	1169069	0	1	7848	0.516403198
34213	0	685	47	0	0	1025704	0	1	29115	0.52204895
34353	0	733	46	0	0	1065425	3875800	1	22444	0.524185181
9766	0	869	50	1	0	21726	21726	0	0	0.149017334
33367	0	674	50	0	0	1430996	1531403	1	4335	0.509140015
34774	0	629	50	0	0	1019605	2662343	0	8548	0.530609131
34539	0	683	49	0	0	357593	635689	0	6945	0.527023315
34373	0	825	48	0	0	1509294	2426651	1	34373	0.524490356
15587	0	868	50	1	0	26917	26918	0	0	0.237838745
34121	0	688	50	0	0	1916146	2093931	1	6991	0.520645142
34546	0	720	50	0	0	739606	581134	0	0	0.527130127
32432	0	869	48	1	32432	211074	1481514	1	0	0.494873047
33705	0	669	50	0	0	428632	656257	0	0	0.514297485
34309	0	718	48	0	0	1724961	2482958	1	6901	0.523513794
40974	0	847	50	0	0	619567	1691566	0	24255	0.625213623
23196	0	868	49	1	23196	275180	679925	1	0	0.353942871
43285	0	82	50	0	0	956052	1046130	0	23131	0.660476685
33669	0	739	48	0	0	1957519	3094080	1	5622	0.513748169
34801	0	250	50	0	0	895304	656306	0	23427	0.531021118
31073	0	869	48	1	31074	487163	1794642	1	0	0.474136353
44214	0	833	50	0	0	744418	744419	0	44214	0.6746521
33968	0	758	50	0	0	2131109	2345804	1	4400	0.518310547
44528	0	807	49	0	0	1910358	2686704	0	44528	0.679443359
14304	0	868	50	1	0	19560	19560	0	0	0.218261719
33808	0	485	50	0	0	2007442	2564634	1	16196	0.515869141
34793	0	258	50	0	0	720628	720629	0	34793	0.530899048
20119	0	869	50	1	20119	464187	699897	1	0	0.306991577
33486	0	740	49	0	0	1664846	0	1	6904	0.510955811
33643	0	793	48	0	0	1508520	0	1	6323	0.51335144
33765	0	829	47	0	0	1551758	5291756	1	5778	0.515213013
32864	0	868	49	1	32864	190150	507152	1	0	0.501464844
34157	0	472	50	0	0	505715	765866	0	0	0.521194458
32809	0	710	48	0	0	1510072	2307968	1	9131	0.50062561
33734	0	7	49	0	0	1312170	0	1	3702	0.51473999
34437	0	429	48	0	0	1582918	3860058	1	27704	0.525466919
15791	0	869	50	1	0	19232	19233	0	0	0.240951538
33897	0	585	50	0	0	2077358	2692277	1	15312	0.517227173
36294	0	438	50	0	0	718127	718128	0	36293	0.55380249
21025	0	868	49	1	21025	786413	1086498	1	0	0.32081604
40191	0	774	50	0	0	407918	979887	0	18353	0.613265991
35084	0	608	50	0	0	385630	815485	0	22524	0.535339355
24028	0	869	49	1	24028	132886	369012	1	0	0.366638184
34854	0	808	50	0	0	242579	848385	0	22754	0.531829834
41349	0	272	50	0	0	685369	685369	0	41348	0.630935669
31301	0	868	49	1	31301	617854	1069895	1	0	0.477615356
41919	0	620	50	0	0	343635	890940	0	40486	0.639633179
38262	0	282	50	0	0	547955	662295	0	13210	0.583831787
29275	0	869	48	1	29275	685847	1561521	1	0	0.44670105
35496	0	765	50	0	0	401210	569594	0	7783	0.541625977
36152	0	773	50	0	0	623304	611366	0	19316	0.551635742
30627	0	868	48	1	30627	572814	1393827	1	0	0.467330933
42481	0	461	50	0	0	776412	1155687	0	37561	0.648208618
43190	0	711	50	0	0	623908	1378521	0	39444	0.6590271
35016	0	672	49	0	0	963773	0	0	35012	0.534301758
18852	0	869	48	1	31286	296009	1439031	1	0	0.287658691
39888	0	656	50	0	0	269692	643535	0	0	0.608642578
25812	0	868	48	1	25812	70051	685047	1	0	0.393859863
44626	0	414	50	0	0	541826	888445	0	27902	0.680938721
44187	0	157	50	0	0	586508	735261	0	28087	0.674240112
30649	0	869	47	1	30870	373989	1212450	1	0	0.467666626
31454	0	831	49	0	0	1061920	1364508	1	7434	0.479949951
37236	0	705	50	0	0	464451	551983	0	9706	0.56817627
44480	0	482	50	0	0	904545	1565857	0	31961	0.678710938
23759	0	868	49	1	23758	119150	330671	0	0	0.362533569
44824	0	575	50	0	0	497375	1005810	0	33471	0.683959961
45046	0	884	50	0	0	423673	738269	0	16865	0.687347412
25993	0	869	48	1	26245	414257	1261862	1	0	0.396621704
30304	0	55	49	0	0	997075	1091137	1	3279	0.462402344
31289	0	132	50	0	0	172585	228354	0	0	0.477432251
31290	0	848	50	0	0	485506	636949	0	0	0.47744751
31956	0	747	48	0	0	1103298	0	1	12338	0.487609863
32503	0	213	47	0	0	948964	2699307	1	4189	0.495956421
21075	0	868	50	1	0	30151	30151	0	0	0.321578979
32451	0	709	50	0	0	1252671	1381763	1	14714	0.495162964
46226	0	313	50	0	0	895396	895397	0	46226	0.705352783
21991	0	869	49	1	21991	311122	459763	1	0	0.33555603
31906	0	170	50	0	0	273787	633818	0	0	0.486846924
32330	0	263	48	0	0	1195417	1548163	1	4099	0.49331665
32483	0	116	50	0	0	257887	635992	0	0	0.495651245
29854	0	884	47	1	29854	377585	772166	1	0	0.455535889
32522	0	245	49	0	0	861594	946109	0	6771	0.496246338
32330	0	400	50	0	0	257020	593818	0	0	0.49331665
32814	0	454	48	0	0	1402247	1939378	1	21146	0.500701904
30531	0	869	49	1	30531	274031	619869	1	0	0.465866089
32877	0	49	50	0	0	213253	429070	0	0	0.501663208
33133	0	252	50	0	0	248064	401218	0	0	0.505569458
33203	0	296	50	0	0	197141	649531	0	0	0.506637573
33347	0	884	48	1	33347	339435	856505	1	0	0.508834839
33444	0	289	50	0	0	206222	404962	0	0	0.510314941
32465	0	459	50	0	0	326808	620361	0	0	0.495376587
32682	0	346	48	0	0	1166539	1578425	1	5678	0.498687744
47318	0	34	49	0	0	1146876	0	0	47318	0.722015381
33623	0	247	48	0	0	1002627	0	1	10955	0.513046265
33669	0	640	47	0	0	1013979	3477784	1	20848	0.513748169
6401	0	869	50	1	0	13212	13212	0	0	0.097671509
32972	0	194	50	0	0	1096700	1214037	1	12418	0.503112793
47671	0	486	50	0	0	334513	966752	0	11589	0.727401733
26008	0	884	48	1	26009	138364	620470	1	0	0.396850586
34115	0	540	50	0	0	202499	379593	0	0	0.520553589
33749	0	803	50	0	0	293728	677149	0	2853	0.514968872
33827	0	840	48	0	0	1272357	0	1	32183	0.516159058
33861	0	439	47	0	0	1005568	2862789	1	8661	0.516677856
10456	0	869	50	1	0	16714	16715	0	0	0.159545898
33564	0	270	50	0	0	1276715	1357621	1	12785	0.512145996
34651	0	123	50	0	0	261904	611026	0	0	0.5287323
24232	0	884	48	1	24232	75486	495389	1	0	0.369750977
33147	0	388	50	0	0	246692	575290	0	1698	0.505783081
34097	0	495	50	0	0	229813	445531	0	0	0.520278931
34743	0	139	50	0	0	366548	802482	0	27504	0.530136108
34196	0	488	48	0	0	1262739	1895465	1	9113	0.521789551
15879	0	869	50	1	0	18647	18647	0	0	0.242294312
34280	0	770	50	0	0	1631657	1836215	1	28345	0.523071289
34812	0	276	50	0	0	233811	517408	0	7054	0.531188965
17802	0	884	49	1	17802	243051	469829	1	0	0.271636963
33469	0	445	50	0	0	189351	413200	0	9705	0.510696411
33361	0	567	50	0	0	376373	641909	0	0	0.509048462
33488	0	590	48	0	0	1285790	1912895	1	6134	0.510986328
31755	0	869	49	1	31755	334709	580609	1	0	0.484542847
33750	0	496	50	0	0	338925	728289	0	0	0.514984131
33023	0	559	48	0	0	1375120	1816586	1	7802	0.503890991
33691	0	686	50	0	0	268573	691503	0	0	0.514083862
34334	0	790	48	0	0	1534118	2169609	1	34133	0.523895264
17414	0	884	50	1	0	34702	34702	0	0	0.265716553
33639	0	626	50	0	0	1377491	1632305	1	6390	0.513290405
34396	0	63	50	0	0	521615	663038	0	0	0.524841309
33985	0	515	48	0	0	1558651	0	1	11229	0.518569946
34375	0	772	47	0	0	1185606	3534871	1	22595	0.524520874
12719	0	869	50	1	0	17862	17863	0	0	0.194076538
33767	0	601	50	0	0	1158136	1242434	1	8225	0.51524353
34042	0	201	50	0	0	384311	692776	0	0	0.519439697
32026	0	884	48	1	32026	280595	1158362	1	0	0.488677979
34173	0	666	50	0	0	390907	721368	0	0	0.521438599
33642	0	291	48	0	0	1534749	2169820	1	17491	0.513336182
33785	0	676	49	0	0	1021613	0	0	7511	0.515518188
34181	0	695	48	0	0	1265477	2595291	1	29294	0.521560669
13049	0	869	50	1	0	18584	18585	0	0	0.199111938
33641	0	490	50	0	0	1204721	1340962	1	14609	0.513320923
33955	0	611	50	0	0	307621	565280	0	0	0.518112183
28699	0	790	48	1	28699	621539	1236458	1	0	0.437911987
39140	0	691	50	0	0	792804	1591124	0	26169	0.597229004
33477	0	706	50	0	0	733398	1333357	0	0	0.510818481
33449	0	628	48	0	0	1935504	0	1	11136	0.510391235
33901	0	700	47	0	0	1423189	4795477	1	8552	0.517288208
17585	0	869	50	1	0	19880	19881	0	0	0.268325806
33217	0	736	50	0	0	1818379	2100854	1	7568	0.506851196
34051	0	752	50	0	0	803827	618227	0	0	0.519577026
33179	0	52	48	0	0	2027505	0	1	698	0.506271362
34167	0	818	47	0	0	1563508	4737239	1	5047	0.521347046
29900	0	790	50	1	0	31365	31365	0	0	0.456237793
34082	0	744	50	0	0	1793183	2041943	1	9230	0.520050049
47116	0	460	50	0	0	888282	819633	0	14859	0.718933105
33564	0	771	48	0	0	2134962	3594488	1	5754	0.512145996
23429	0	869	50	1	0	38713	38714	0	0	0.357498169
34210	0	598	50	0	0	3280989	3778077	1	26348	0.522003174
41908	0	728	50	0	0	645013	645013	0	41908	0.639465332
23586	0	818	50	1	23586	311940	560157	1	0	0.359893799
33808	0	789	49	0	0	1603874	0	1	8104	0.515869141
34062	0	93	48	0	0	1494294	3506228	1	3894	0.519744873
34749	0	17	50	0	0	416330	1241840	0	2258	0.530227661
33649	0	869	47	1	33686	505862	1055967	1	0	0.513442993
34330	0	4	49	0	0	919203	988001	1	7096	0.523834229
44051	0	41	50	0	0	261526	600726	0	43397	0.672164917
34369	0	837	49	0	0	969253	0	1	9513	0.524429321
34411	0	279	48	0	0	976038	2166969	1	34235	0.52507019
15180	0	818	50	1	0	18153	18153	0	0	0.231628418
34072	0	580	50	0	0	1237281	1366194	1	17169	0.519897461
34703	0	156	50	0	0	230972	677889	0	0	0.529525757
20543	0	869	48	1	20543	58034	464676	1	0	0.313461304
34703	0	184	50	0	0	312586	509127	0	19047	0.529525757
34491	0	294	50	0	0	657427	657428	0	34491	0.526290894
24959	0	837	49	1	24959	406776	734954	1	0	0.380844116
34535	0	207	50	0	0	371129	655975	0	0	0.52696228
34234	0	447	48	0	0	1292844	2008179	1	20485	0.522369385
34444	0	295	49	0	0	346378	658749	0	34444	0.52557373
34238	0	323	48	0	0	1229268	2012955	1	1455	0.52243042
17257	0	869	50	1	0	27699	27700	0	0	0.263320923
34052	0	158	50	0	0	1485544	1569932	1	7591	0.519592285
34778	0	315	50	0	0	490129	862107	0	0	0.530670166
34706	0	395	50	0	0	307360	661997	0	1704	0.529571533
34599	0	464	48	0	0	1379253	0	1	34599	0.527938843
34611	0	804	47	0	0	1169256	3447002	1	34079	0.528121948
10140	0	837	50	1	0	19585	19585	0	0	0.154724121
34535	0	363	50	0	0	1321671	1445116	1	5939	0.52696228
34776	0	258	50	0	0	354650	636995	0	0	0.530639648
34216	0	668	48	0	0	1175093	0	1	18363	0.522094727
34343	0	450	47	0	0	1155127	3132188	1	1801	0.524032593
21440	0	869	50	1	0	26912	26912	0	0	0.327148438
34648	0	701	50	0	0	1693530	2237969	1	34648	0.528686523
34806	0	68	50	0	0	622184	622184	0	34806	0.531097412
30208	0	837	49	1	30208	884476	1444154	1	0	0.4609375
33698	0	174	50	0	0	300581	559836	0	0	0.514190674
34685	0	823	48	0	0	1807490	2615024	1	15751	0.529251099
35257	0	74	49	0	0	1373250	0	0	35257	0.537979126
34822	0	738	48	0	0	1260943	3099141	1	34613	0.531341553
10233	0	869	50	1	0	15255	15255	0	0	0.156143188
34725	0	137	50	0	0	1301613	1614991	1	14021	0.52986145
34912	0	208	50	0	0	329787	647241	0	0	0.532714844
24945	0	837	48	1	24945	121699	591405	1	0	0.380630493
34770	0	386	50	0	0	237117	501128	0	26354	0.530548096
35020	0	237	50	0	0	242175	679398	0	0	0.534362793
29240	0	869	48	1	29240	207516	632009	1	0	0.446166992
34730	0	275	50	0	0	207151	433747	0	8974	0.529937744
34600	0	538	50	0	0	201533	872383	0	0	0.527954102
34490	0	438	48	0	0	970396	1261670	1	9360	0.526275635
31512	0	837	49	1	31512	150154	281108	1	0	0.480834961
35353	0	269	50	0	0	209875	258676	0	4660	0.53944397
35426	0	312	50	0	0	385794	672639	0	22944	0.540557861
34537	0	508	48	0	0	1011150	0	1	7134	0.526992798
34815	0	786	47	0	0	923026	2606061	1	34810	0.531234741
9851	0	869	50	1	0	17332	17333	0	0	0.150314331
33892	0	461	50	0	0	1243302	1327069	1	8194	0.517150879
33991	0	518	50	0	0	249131	656892	0	0	0.518661499
33983	0	409	48	0	0	1241064	0	1	10673	0.518539429
34357	0	485	47	0	0	988362	2658947	1	9532	0.524246216
18550	0	837	50	1	0	31354	31355	0	0	0.283050537
34793	0	853	50	0	0	1253621	1527285	1	34791	0.530899048
34811	0	658	50	0	0	451632	784040	0	14711	0.531173706
37824	0	309	50	0	0	325323	657837	0	25403	0.577148438
11057	0	869	50	1	0	15205	15206	0	0	0.168716431
33667	0	656	50	0	0	1206998	1253455	1	3568	0.513717651
35721	0	748	51	0	0	555096	555097	0	35718	0.545059204
23177	0	853	49	1	23177	553962	838236	1	0	0.353652954
44944	0	780	50	0	0	466841	722337	0	8665	0.685791016
33519	0	585	50	0	0	447018	609240	0	168	0.511459351
32487	0	869	48	1	32487	849229	1440938	1	0	0.49571228
33802	0	582	50	0	0	259057	704338	0	0	0.515777588
32911	0	688	48	0	0	1206263	1512196	1	1033	0.502182007
34002	0	620	50	0	0	300184	690474	0	0	0.518829346
34553	0	681	47	0	0	1195297	0	1	23479	0.527236938
34640	0	608	47	0	0	1002268	0	1	8862	0.528564453
34673	0	708	46	0	0	1119554	3937258	1	32037	0.529067993
5229	0	853	50	1	0	13023	13024	0	0	0.079788208
34161	0	622	50	0	0	1285986	1509002	1	8207	0.521255493
34811	0	549	50	0	0	227788	671062	0	0	0.531173706
28786	0	869	48	1	28786	123759	506344	1	0	0.439239502
34800	0	669	50	0	0	412685	586629	0	0	0.531005859
34677	0	659	50	0	0	287553	618584	0	0	0.529129028
34803	0	178	50	0	0	483681	686438	0	23742	0.531051636
34647	0	720	48	0	0	1721508	2451033	1	4867	0.528671265
18613	0	853	50	1	0	24640	24641	0	0	0.284011841
34422	0	747	50	0	0	1398356	1590474	1	4581	0.525238037
34742	0	672	50	0	0	526553	656326	0	0	0.53012085
34661	0	586	50	0	0	438137	1376347	0	13259	0.528884888
27386	0	869	49	1	27386	392753	693090	1	0	0.417877197
34773	0	682	50	0	0	639465	693517	0	3315	0.530593872
34798	0	711	50	0	0	857852	1123941	0	8731	0.530975342
33103	0	747	49	1	33102	265047	597607	0	0	0.505111694
34791	0	852	50	0	0	804912	1164908	0	7376	0.53086853
34256	0	739	50	0	0	401286	777455	0	0	0.522705078
34765	0	600	48	0	0	1805429	0	1	26046	0.530471802
34772	0	715	47	0	0	1493535	4760345	1	30100	0.530578613
7420	0	869	50	1	0	16333	16334	0	0	0.113220215
34663	0	632	50	0	0	1266119	1685440	1	13721	0.528915405
35377	0	59	50	0	0	709392	958943	0	0	0.539810181
40434	0	449	50	0	0	1684132	0	0	39988	0.616973877
25758	0	852	48	1	32307	560460	3309749	1	0	0.393035889
34270	0	765	50	0	0	488719	982587	0	0	0.522918701
33628	0	807	50	0	0	830992	509383	0	0	0.513122559
33180	0	869	48	1	33180	994036	2297123	1	0	0.506286621
36389	0	777	50	0	0	840946	1099142	0	36386	0.555252075
33832	0	709	50	0	0	634345	1428070	0	9784	0.516235352
33557	0	770	49	0	0	1206408	0	1	7671	0.512039185
34325	0	529	48	0	0	1020977	2431011	1	17101	0.523757935
42207	0	661	50	0	0	444403	1375735	0	15489	0.64402771
10619	0	852	48	1	17552	173964	1031382	1	0	0.162033081
37685	0	627	50	0	0	630908	630908	0	37684	0.575027466
22321	0	869	49	1	22321	1014526	1437522	1	0	0.340591431
44553	0	420	50	0	0	751410	1304647	0	27714	0.679824829
33516	0	793	50	0	0	692255	902104	0	0	0.511413574
33534	0	833	48	0	0	1792674	0	1	4605	0.511688232
33913	0	852	47	1	34519	683029	3543813	1	0	0.517471313
36318	0	436	50	0	0	923282	931887	0	8	0.554168701
38724	0	591	50	0	0	797451	614035	0	23576	0.590881348
32323	0	869	48	1	32324	1066661	2351869	1	0	0.493209839
41969	0	1	50	0	0	936615	1641466	0	15168	0.640396118
32812	0	63	50	0	0	304904	838059	0	0	0.500671387
33198	0	847	48	0	0	1976425	0	1	6547	0.506561279
33457	0	808	47	0	0	1422431	4116545	1	9390	0.510513306
21963	0	852	50	1	0	25362	25362	0	0	0.335128784
33864	0	868	50	0	0	1976631	2273020	1	7291	0.516723633
34004	0	491	50	0	0	679326	638725	0	0	0.518859863
33764	0	49	48	0	0	1550417	0	1	6885	0.515197754
34061	0	509	47	0	0	1159787	3869282	1	19396	0.519729614
15261	0	869	50	1	0	21315	21315	0	0	0.23286438
33109	0	194	50	0	0	1155447	1195968	1	1986	0.505203247
38290	0	698	50	0	0	427823	626078	0	0	0.584259033
30819	0	868	48	1	30819	176427	849556	1	0	0.47026062
33831	0	132	50	0	0	238387	380420	0	350	0.516220093
33459	0	884	50	0	0	303809	474009	0	0	0.510543823
33547	0	170	50	0	0	249822	493235	0	1012	0.511886597
34053	0	250	50	0	0	439116	869110	0	19285	0.519607544
20137	0	869	50	1	0	21244	21244	0	0	0.307266235
32643	0	263	50	0	0	1337327	1363206	1	650	0.498092651
44898	0	425	50	0	0	259389	347684	0	9354	0.685089111
39174	0	576	50	0	0	211199	487485	0	31714	0.597747803
20035	0	884	50	1	0	22673	22675	0	0	0.305709839
33135	0	829	50	0	0	1083417	1184477	1	11660	0.505599976
34010	0	157	50	0	0	534436	534437	0	6724	0.518951416
33844	0	444	49	0	0	1108563	0	1	28430	0.516418457
33944	0	740	48	0	0	877999	2243772	1	16183	0.517944336
11006	0	869	50	1	0	15427	15427	0	0	0.167938232
33734	0	774	50	0	0	1216901	1363351	1	15273	0.51473999
34166	0	803	50	0	0	238011	278830	0	0	0.521331787
26444	0	884	50	1	0	39163	39164	0	0	0.403503418
33082	0	245	50	0	0	1244074	1324962	1	7327	0.50479126
34556	0	272	50	0	0	463504	636339	0	0	0.527282715
34033	0	735	50	0	0	318069	747943	0	18889	0.519302368
30355	0	869	49	1	30355	262508	541246	1	0	0.463180542
34740	0	359	50	0	0	806831	806832	0	34739	0.530090332
33891	0	296	50	0	0	1450077	1520239	1	5525	0.51713562
34053	0	674	50	0	0	279040	648761	0	0	0.519607544
27291	0	884	48	1	27291	375654	808653	1	0	0.416427612
34770	0	116	50	0	0	213324	456020	0	11576	0.530548096
34388	0	276	50	0	0	212336	1426415	0	0	0.524719238
33665	0	279	48	0	0	1113809	1432316	1	8207	0.513687134
33782	0	439	49	0	0	879426	0	0	3648	0.515472412
30719	0	869	48	1	31464	160395	1205205	1	0	0.468734741
34620	0	346	50	0	0	264703	425160	0	0	0.528259277
34543	0	139	50	0	0	241032	676387	0	0	0.527084351
32587	0	884	47	1	32587	243545	651871	1	0	0.497238159
34005	0	743	49	0	0	1031331	1218742	1	27767	0.518875122
34513	0	252	50	0	0	254974	668904	0	0	0.526626587
29313	0	869	47	1	29313	247237	664688	1	0	0.447280884
34216	0	779	49	0	0	1059840	1259520	1	27376	0.522094727
34812	0	337	50	0	0	259725	669839	0	12411	0.531188965
34062	0	884	48	1	34062	220265	621660	1	0	0.519744873
34515	0	388	50	0	0	247460	414129	0	0	0.526657104
34815	0	375	50	0	0	287879	465680	0	16203	0.531234741
34099	0	447	49	0	0	986181	1106481	1	7208	0.520309448
27709	0	869	50	1	0	25986	25986	0	0	0.422805786
34281	0	496	50	0	0	1522982	1581827	1	5327	0.523086548
45811	0	556	50	0	0	735071	735072	0	45811	0.699020386
31509	0	884	49	1	31509	613109	909825	1	0	0.480789185
33382	0	486	50	0	0	208809	409975	0	6066	0.509368896
34112	0	515	50	0	0	202368	628210	0	0	0.520507813
33603	0	490	48	0	0	1063608	1350579	1	6688	0.512741089
34711	0	123	49	0	0	198808	665699	0	17858	0.529647827
34403	0	626	48	0	0	1077508	1592201	1	2008	0.52494812
19786	0	869	50	1	0	36951	36952	0	0	0.3019104
34133	0	460	50	0	0	1451301	1551692	1	10152	0.520828247
34802	0	385	50	0	0	472497	1092590	0	9856	0.531036377
33687	0	567	48	0	0	1061604	0	1	7036	0.514022827
33866	0	590	47	0	0	1051467	2787553	1	5416	0.51675415
34624	0	641	50	0	0	282282	509599	0	12965	0.528320313
11479	0	884	50	1	0	17455	17456	0	0	0.17515564
34385	0	270	50	0	0	1288624	1436624	1	15399	0.524673462
34699	0	186	50	0	0	256457	622587	0	13148	0.529464722
20316	0	869	50	1	0	21787	21787	0	0	0.309997559
34269	0	813	50	0	0	1404163	1590032	1	28375	0.522903442
48192	0	394	51	0	0	775485	775486	0	48192	0.735351563
17869	0	884	49	1	17869	625203	948461	1	0	0.272659302
40972	0	781	50	0	0	401815	609527	0	8874	0.625183105
33802	0	700	50	0	0	759913	643537	0	0	0.515777588
31459	0	869	48	1	31459	448088	1441450	1	0	0.480026245
34426	0	7	50	0	0	484428	1236674	0	0	0.525299072
33986	0	666	48	0	0	1255432	1850188	1	7317	0.518585205
34794	0	56	49	0	0	873230	0	0	34022	0.530914307
34402	0	749	48	0	0	1066046	2226060	1	29237	0.524932861
9538	0	884	50	1	0	20929	20930	0	0	0.14553833
34368	0	435	50	0	0	1224752	1419141	1	32625	0.524414063
34740	0	370	49	0	0	181642	506403	0	31367	0.530090332
18840	0	869	50	1	0	20150	20150	0	0	0.287475586
33435	0	601	50	0	0	1337009	1594863	1	9580	0.510177612
33762	0	676	50	0	0	219963	692801	0	0	0.515167236
33630	0	445	48	0	0	1432426	0	1	15174	0.513153076
34025	0	728	47	0	0	1231546	3389449	1	6342	0.519180298
18873	0	884	50	1	0	22433	22434	0	0	0.287979126
33868	0	748	50	0	0	1903505	2068540	1	5965	0.516784668
34106	0	691	50	0	0	756917	1217698	0	0	0.52041626
45773	0	479	49	0	0	1887670	0	0	45773	0.698440552
33778	0	611	48	0	0	1454988	0	1	12133	0.515411377
33809	0	752	47	0	0	1488459	5922554	1	6432	0.515884399
10270	0	781	50	1	0	16220	16221	0	0	0.156707764
34297	0	539	50	0	0	1424872	1872609	1	33360	0.523330688
34777	0	138	49	0	0	1400870	2304242	0	33416	0.530654907
34593	0	653	50	0	0	385091	788335	0	13775	0.52784729
7341	0	884	50	1	0	19396	19396	0	0	0.112014771
34415	0	397	50	0	0	1357863	1765694	1	33572	0.525131226
19126	0	781	49	1	19126	432623	768870	1	0	0.2918396
42482	0	835	50	0	0	877977	1967440	0	25138	0.648223877
34055	0	771	50	0	0	708127	1013235	0	0	0.519638062
29230	0	884	50	1	24530	598236	1116007	0	0	0.446014404
33696	0	804	50	0	0	702340	619879	0	0	0.514160156
33241	0	772	48	0	0	1493264	2331499	1	7542	0.507217407
34136	0	738	50	0	0	819289	1540691	0	7357	0.520874023
31801	0	835	49	1	31801	460596	766543	1	0	0.485244751
33635	0	823	50	0	0	858362	1450310	0	0	0.51322937
33628	0	17	50	0	0	632704	1175209	0	2185	0.513122559
34257	0	68	50	0	0	154002	755905	0	0	0.522720337
34001	0	789	48	0	0	1021277	0	1	9415	0.518814087
34452	0	389	47	0	0	1053667	0	1	31570	0.525695801
34493	0	846	46	0	0	970897	3524603	1	34438	0.526321411
7234	0	884	50	1	0	14302	14303	0	0	0.11038208
34236	0	208	50	0	0	1196066	1239124	1	3089	0.522399902
45719	0	80	50	0	0	757281	757281	0	45719	0.697616577
27024	0	835	49	1	27024	577607	863283	1	0	0.412353516
33746	0	4	50	0	0	258661	700558	0	0	0.514923096
34167	0	686	48	0	0	1208851	1620382	1	15746	0.521347046
34480	0	156	49	0	0	987391	0	1	6445	0.526123047
34532	0	568	48	0	0	992849	2179415	1	34532	0.526916504
17322	0	846	50	1	0	20686	20688	0	0	0.264312744
34364	0	184	50	0	0	1212171	1274821	1	6189	0.524353027
34617	0	93	50	0	0	335227	689763	0	0	0.528213501
34386	0	174	48	0	0	1411997	0	1	7444	0.524688721
34525	0	827	47	0	0	977846	2923439	1	34525	0.526809692
20048	0	884	50	1	0	26153	26153	0	0	0.305908203
34489	0	831	50	0	0	1374307	1544115	1	25904	0.526260376
34540	0	294	50	0	0	386935	679380	0	0	0.527038574
30904	0	846	48	1	30905	274412	807957	1	0	0.471557617
33994	0	309	50	0	0	237267	486214	0	3776	0.518707275
34738	0	314	50	0	0	359534	460132	0	5056	0.530059814
33906	0	853	49	0	0	163530	426365	0	12641	0.517364502
37903	0	432	50	0	0	952012	0	0	36104	0.578353882
22521	0	884	48	1	30681	139655	1674612	1	0	0.343643188
34146	0	269	50	0	0	266102	387341	0	0	0.521026611
33767	0	323	50	0	0	240464	666806	0	0	0.51524353
33094	0	846	48	1	33095	368486	848961	1	0	0.504974365
34747	0	383	50	0	0	286736	400940	0	9336	0.530197144
34726	0	404	50	0	0	290650	665698	0	17639	0.529876709
32333	0	853	48	1	32333	241037	796606	1	0	0.493362427
34637	0	418	50	0	0	328218	443787	0	9346	0.528518677
34446	0	491	50	0	0	433388	650513	0	0	0.525604248
33288	0	884	47	1	33288	466841	1284488	1	0	0.50793457
33941	0	449	49	0	0	993220	1169450	1	5190	0.51789856
38561	0	46	50	0	0	216211	724227	0	28126	0.588394165
34812	0	58	50	0	0	491922	1001243	0	28889	0.531188965
19138	0	853	50	1	0	20470	20472	0	0	0.292022705
34140	0	409	50	0	0	1333846	1420211	1	7679	0.520935059
34516	0	386	50	0	0	252225	652510	0	0	0.526672363
33243	0	436	47	0	0	1146088	0	1	6511	0.507247925
34177	0	464	47	0	0	1029989	0	1	22926	0.521499634
34449	0	521	46	0	0	980538	3723085	1	34250	0.525650024
7008	0	884	50	1	0	18285	18285	0	0	0.106933594
34198	0	509	50	0	0	1089095	1163946	1	6121	0.521820068
34784	0	461	50	0	0	231676	645396	0	0	0.530761719
34431	0	818	48	0	0	1055173	0	1	17435	0.525375366
34440	0	566	47	0	0	1016945	2544690	1	34440	0.525512695
14348	0	853	50	1	0	23004	23005	0	0	0.218933105
34560	0	834	50	0	0	1169716	1296479	1	34543	0.52734375
34709	0	547	50	0	0	338379	603879	0	0	0.52961731
24495	0	884	48	1	24495	89545	731639	1	0	0.373764038
34541	0	608	50	0	0	249423	644233	0	0	0.527053833
33999	0	585	48	0	0	1177460	1520054	1	6412	0.518783569
34756	0	591	50	0	0	229779	617307	0	0	0.530334473
38273	0	70	50	0	0	436264	1062731	0	34192	0.583999634
16667	0	853	50	1	0	24031	24032	0	0	0.254318237
34583	0	632	50	0	0	1410059	1505765	1	4000	0.527694702
34777	0	615	50	0	0	325215	664747	0	0	0.530654907
33707	0	576	48	0	0	979895	0	1	7937	0.514328003
34577	0	873	47	0	0	1000111	2500337	1	34577	0.527603149
17605	0	884	50	1	0	27424	27426	0	0	0.268630981
34623	0	877	50	0	0	1175459	1340686	1	34623	0.528305054
34811	0	462	50	0	0	338108	614719	0	2738	0.531173706
22719	0	853	48	1	22719	96047	596313	1	0	0.346664429
34075	0	485	50	0	0	224581	380876	0	0	0.519943237
33853	0	538	50	0	0	242922	659596	0	0	0.516555786
34220	0	698	47	0	0	1196635	0	1	3166	0.522155762
34333	0	237	47	0	0	1026858	0	1	17218	0.523880005
34542	0	873	46	1	36310	231538	2830385	1	0	0.527069092
35148	0	12	50	0	0	541981	541982	0	35148	0.536315918
34835	0	605	50	0	0	1103651	1226839	1	34835	0.531539917
33637	0	877	49	1	33636	158175	297841	0	0	0.513259888
35154	0	57	50	0	0	327310	353702	0	0	0.536407471
34754	0	395	50	0	0	294857	660915	0	1768	0.530303955
28118	0	884	48	1	28131	261709	905420	1	0	0.429046631
34622	0	658	50	0	0	379422	710005	0	0	0.528289795
34121	0	622	50	0	0	343851	691350	0	0	0.520645142
33605	0	743	47	0	0	1261113	0	1	721	0.512771606
33802	0	681	47	0	0	1184227	0	1	6225	0.515777588
33962	0	669	46	0	0	1353691	4691808	1	7042	0.518218994
21614	0	877	50	1	0	27026	27026	0	0	0.329803467
33790	0	672	50	0	0	1929606	2144130	1	6892	0.515594482
40669	0	166	50	0	0	672668	672670	0	40668	0.620559692
26204	0	884	49	1	26204	771263	1129233	1	0	0.399841309
33927	0	709	50	0	0	280264	1108990	0	6790	0.517684937
33977	0	744	50	0	0	210985	1151229	0	0	0.518447876
33931	0	659	48	0	0	1107663	1522743	1	11129	0.517745972
27379	0	877	49	1	27379	300904	640482	1	0	0.417770386
35571	0	274	50	0	0	891561	1001523	0	5604	0.542770386
35961	0	875	50	0	0	669367	561484	0	8844	0.548721313
31354	0	884	48	1	31628	247816	1164004	1	0	0.478424072
36486	0	625	50	0	0	999795	1551197	0	12518	0.556732178
37128	0	664	50	0	0	617586	1177977	0	29007	0.56652832
33499	0	715	48	0	0	2111726	0	1	6881	0.511154175
33580	0	813	47	0	0	1530142	5237339	1	2257	0.512390137
12788	0	877	50	1	0	17982	17982	0	0	0.195129395
33852	0	793	50	0	0	2004175	2290817	1	5526	0.516540527
38761	0	776	50	0	0	675103	675104	0	38758	0.591445923
22775	0	884	49	1	22775	473328	817515	1	0	0.347518921
43222	0	500	50	0	0	364023	1068623	0	35950	0.659515381
38697	0	757	50	0	0	544568	652204	0	34626	0.59046936
33126	0	777	48	0	0	1449195	2241575	1	6748	0.505462646
16997	0	877	49	1	16997	37540	164334	1	0	0.259353638
38443	0	244	50	0	0	315705	555470	0	15142	0.586593628
35823	0	411	50	0	0	711428	607402	0	0	0.546615601
19811	0	884	48	1	19811	144637	1060508	1	0	0.30229187
41104	0	210	50	0	0	505609	1148899	0	26529	0.627197266
42296	0	271	50	0	0	545903	682374	0	26106	0.645385742
29639	0	877	48	1	29663	279044	956548	1	0	0.452255249
42795	0	604	50	0	0	581622	1314830	0	22753	0.652999878
44502	0	475	50	0	0	973563	749891	0	40648	0.679046631
32757	0	765	48	0	0	1622788	3087029	1	7684	0.499832153
43739	0	602	50	0	0	296220	855934	0	36006	0.667404175
5546	0	884	50	1	0	19322	19322	0	0	0.084625244
32969	0	720	49	0	0	1262355	0	1	10763	0.503067017
33630	0	414	48	0	0	1153159	3005752	1	27045	0.513153076
14543	0	877	50	1	0	21982	21983	0	0	0.221908569
33669	0	829	50	0	0	1454386	1539438	1	7131	0.513748169
45822	0	251	50	0	0	744487	744489	0	45822	0.699188232
25449	0	875	49	1	25449	319722	611431	1	0	0.388320923
46122	0	494	50	0	0	464954	779352	0	31610	0.703765869
46469	0	756	50	0	0	266454	735694	0	18105	0.709060669
29628	0	877	48	1	29739	380369	1090979	1	0	0.452087402
32994	0	1	49	0	0	1191765	1272736	1	5982	0.503448486
33007	0	363	50	0	0	254148	326365	0	53	0.503646851
40511	0	466	50	0	0	277927	641981	0	20138	0.618148804
36149	0	878	50	0	0	316604	729599	0	24127	0.551589966
11741	0	884	50	1	862	170889	195856	0	0	0.179153442
33462	0	170	50	0	0	304111	442640	0	0	0.5105896
33196	0	56	50	0	0	348909	654742	0	0	0.506530762
32520	0	735	48	0	0	1391666	1865229	1	12160	0.49621582
23487	0	877	50	1	0	23063	23064	0	0	0.358383179
32506	0	740	50	0	0	1263765	1382840	1	12228	0.496002197
33875	0	63	50	0	0	331750	658905	0	0	0.516891479
33346	0	7	48	0	0	1098644	0	1	7994	0.50881958
33574	0	132	47	0	0	979805	2573617	1	6785	0.512298584
23106	0	878	50	1	0	27260	27261	0	0	0.35256958
33661	0	807	50	0	0	1225690	1343086	1	12282	0.513626099
34080	0	400	50	0	0	298146	702420	0	0	0.520019531
27932	0	884	48	1	27932	230967	770463	1	0	0.426208496
32690	0	852	50	0	0	188718	389506	0	6592	0.498809814
33984	0	245	50	0	0	303981	462769	0	0	0.518554688
33915	0	488	50	0	0	207899	713206	0	25279	0.517501831
30153	0	878	49	1	30153	240477	611806	1	0	0.460098267
47462	0	182	50	0	0	290353	610782	0	12942	0.724212646
34173	0	270	50	0	0	342910	724835	0	0	0.521438599
37004	0	750	50	0	0	216446	636843	0	37002	0.56463623
28942	0	884	48	1	33746	388228	889068	1	0	0.441619873
46351	0	51	50	0	0	728425	728426	0	46351	0.707260132
33300	0	296	50	0	0	1313411	1371936	1	4617	0.508117676
33745	0	272	49	0	0	155735	618352	0	5794	0.514907837
33581	0	848	48	0	0	1159053	1546899	1	29620	0.512405396
12309	0	878	50	1	0	24243	24243	0	0	0.187820435
33676	0	346	50	0	0	1355949	1424570	1	6003	0.51385498
34134	0	263	50	0	0	301983	685069	0	0	0.520843506
33433	0	438	48	0	0	1086406	0	1	22713	0.510147095
33754	0	138	47	0	0	1008460	2678282	1	10863	0.515045166
12907	0	884	50	1	0	17310	17311	0	0	0.19694519
33473	0	194	50	0	0	1212106	1296611	1	9217	0.510757446
35944	0	62	50	0	0	631514	631514	0	35944	0.548461914
29656	0	878	49	1	29656	600442	852287	1	0	0.452514648
33949	0	250	50	0	0	364618	642959	0	0	0.51802063
33729	0	656	48	0	0	1276270	1937668	1	21165	0.514663696
32018	0	884	49	1	32018	406323	871648	1	0	0.488555908
33950	0	359	50	0	0	170071	250443	0	0	0.518035889
33283	0	389	50	0	0	195273	402557	0	6046	0.507858276
33917	0	486	50	0	0	156141	598791	0	0	0.517532349
33663	0	600	48	0	0	1101771	1398625	1	22029	0.513656616
24440	0	878	50	1	0	21846	21847	0	0	0.372924805
33520	0	661	50	0	0	1388095	1568832	1	21166	0.511474609
33877	0	385	50	0	0	190864	674883	0	0	0.516921997
31989	0	884	48	1	31989	166829	512924	1	0	0.488113403
33724	0	445	50	0	0	236954	1070552	0	0	0.514587402
33709	0	586	48	0	0	1218013	1650545	1	23070	0.514358521
33785	0	508	49	0	0	170654	661492	0	24376	0.515518188
33886	0	797	48	0	0	1163213	1611813	1	32247	0.517059326
33927	0	685	50	0	0	248059	511650	0	18881	0.517684937
3731	0	878	50	1	0	18260	18261	0	0	0.056930542
33232	0	397	50	0	0	1170442	1332369	1	8733	0.507080078
31282	0	884	50	1	0	46729	46730	0	0	0.477325439
33243	0	439	50	0	0	1527810	1604418	1	7824	0.507247925
33506	0	460	50	0	0	337487	511976	0	0	0.511260986
33455	0	496	50	0	0	280467	653244	0	0	0.510482788
30496	0	878	48	1	30496	375765	993833	1	0	0.465332031
34054	0	49	50	0	0	1052273	1418365	0	18468	0.519622803
34143	0	252	50	0	0	338556	602209	0	7873	0.520980835
31454	0	884	49	1	31454	360550	628340	1	0	0.479949951
34055	0	420	50	0	0	511058	691431	0	9394	0.519638062
41994	0	525	50	0	0	371795	706941	0	37008	0.640777588
22235	0	878	49	1	22235	175877	319177	1	0	0.339279175
33336	0	515	50	0	0	401128	614288	0	0	0.508666992
33118	0	590	48	0	0	1177455	1700804	1	4891	0.505340576
43778	0	550	50	0	0	414231	830062	0	16164	0.667999268
33448	0	695	48	0	0	1372676	2330743	1	28314	0.510375977
11948	0	884	50	1	0	17979	17979	0	0	0.182312012
33616	0	59	50	0	0	1677787	2125823	1	18754	0.512939453
34169	0	549	50	0	0	358340	723776	0	0	0.521377563
21153	0	878	48	1	21153	136815	744540	1	0	0.322769165
33510	0	653	50	0	0	721230	813081	0	0	0.511322021
33254	0	676	48	0	0	1860378	2855936	1	5878	0.507415771
33925	0	567	50	0	0	884003	704897	0	0	0.517654419
28956	0	695	47	1	28956	943487	2161262	1	0	0.441833496
33057	0	691	49	0	0	1097362	1212826	1	5452	0.50440979
33439	0	700	50	0	0	178805	380178	0	0	0.510238647
33270	0	739	50	0	0	787888	750567	0	0	0.507659912
31035	0	878	48	1	31035	660192	1926503	1	0	0.473556519
33014	0	772	50	0	0	498319	656911	0	0	0.503753662
32928	0	869	48	0	0	1970736	3169771	1	20194	0.502441406
33740	0	629	49	0	0	1255356	0	1	31739	0.514831543
33751	0	837	48	0	0	1468339	3814882	1	28242	0.51499939
9052	0	700	50	1	0	19829	19830	0	0	0.138122559
32397	0	752	50	0	0	1278870	1347856	1	4991	0.494338989
37081	0	573	50	0	0	284394	1116408	0	30950	0.565811157
30983	0	739	49	1	30983	297540	834366	1	0	0.472763062
34804	0	504	50	0	0	433184	1234118	0	31256	0.531066895
44041	0	522	50	0	0	632445	701730	0	9766	0.672012329
23667	0	752	48	1	23667	321051	1115783	1	0	0.361129761
37473	0	524	50	0	0	340477	920702	0	13313	0.571792603
43786	0	678	50	0	0	797121	741433	0	25486	0.668121338
32741	0	626	48	0	0	1336916	2365783	1	10283	0.499588013
17826	0	772	50	1	0	19131	19133	0	0	0.272003174
32508	0	4	50	0	0	1738061	1777527	1	1329	0.496032715
44685	0	141	50	0	0	288795	690830	0	4350	0.681838989
32652	0	818	48	0	0	981659	1437396	1	6032	0.49822998
25996	0	837	50	1	0	35611	35612	0	0	0.39666748
32940	0	831	50	0	0	1492080	1564659	1	5496	0.502624512
33409	0	370	50	0	0	564670	654867	0	0	0.509780884
32619	0	388	48	0	0	1163376	0	1	17281	0.49772644
33007	0	748	47	0	0	1019543	3182633	1	9542	0.503646851
16432	0	869	50	1	0	26603	26605	0	0	0.250732422
32454	0	835	50	0	0	1361902	1522069	1	5893	0.49520874
33047	0	57	50	0	0	420291	582466	0	0	0.504257202
33157	0	539	50	0	0	277084	673072	0	0	0.505935669
29813	0	878	48	1	29813	532107	1212175	1	0	0.454910278
32859	0	728	50	0	0	216188	337143	0	0	0.50138855
32968	0	804	50	0	0	280819	658706	0	0	0.503051758
32531	0	68	47	0	0	968439	0	1	4326	0.496383667
32976	0	853	47	0	0	973977	0	1	7653	0.503173828
33122	0	237	46	0	0	945837	3319741	1	439	0.505401611
35254	0	348	50	0	0	256086	345793	0	8571	0.53793335
9262	0	869	50	1	0	21335	21335	0	0	0.141326904
32883	0	17	50	0	0	1114903	1197398	1	7299	0.501754761
33501	0	568	51	0	0	306124	640429	0	0	0.511184692
25612	0	878	48	1	25612	226815	771174	1	0	0.390808105
33253	0	274	50	0	0	230842	400089	0	0	0.507400513
33873	0	184	50	0	0	258993	679769	0	0	0.516860962
33214	0	873	48	0	0	1225894	1621788	1	10134	0.50680542
31959	0	869	49	1	31959	153409	312554	1	0	0.48765564
47869	0	131	50	0	0	449959	1068961	0	26558	0.730422974
33564	0	174	50	0	0	233395	574798	0	0	0.512145996
29250	0	878	50	1	0	25744	25745	0	0	0.44631958
33570	0	780	50	0	0	1808560	2090100	1	29729	0.512237549
33779	0	314	50	0	0	326195	430322	0	0	0.515426636
29971	0	873	50	1	0	26613	26613	0	0	0.457321167
33508	0	708	50	0	0	1820930	2016079	1	26429	0.511291504
33532	0	627	50	0	0	472135	834605	0	0	0.511657715
28065	0	878	48	1	28065	217233	1128401	1	0	0.428237915
33405	0	414	50	0	0	202681	419086	0	1719	0.509719849
39595	0	754	50	0	0	424875	566056	0	5297	0.604171753
33231	0	93	50	0	0	298828	676233	0	0	0.507064819
26914	0	873	50	1	0	25184	25185	0	0	0.410675049
33179	0	641	50	0	0	1463848	1612012	1	17820	0.506271362
33595	0	540	50	0	0	258736	690953	0	0	0.512619019
26046	0	878	48	1	26046	212842	691311	1	0	0.39743042
33693	0	12	50	0	0	245330	686234	0	0	0.51411438
33204	0	432	48	0	0	1042345	1389013	1	5724	0.506652832
33382	0	475	50	0	0	227277	642484	0	0	0.509368896
33464	0	823	48	0	0	1094711	1496507	1	15829	0.510620117
19991	0	873	50	1	0	21906	21906	0	0	0.305038452
33211	0	461	50	0	0	1188735	1261054	1	5951	0.506759644
33497	0	166	50	0	0	287985	714606	0	0	0.511123657
33754	0	409	48	0	0	1116778	0	1	8536	0.515045166
34097	0	833	47	0	0	1023971	2675196	1	26587	0.520278931
14704	0	878	50	1	0	18650	18651	0	0	0.224365234
34318	0	561	50	0	0	1191607	1407736	1	34214	0.523651123
34379	0	501	49	0	0	965106	1199150	1	34333	0.524581909
17333	0	873	50	1	0	22202	22204	0	0	0.264480591
33780	0	576	50	0	0	1272352	1327372	1	3163	0.515441895
34720	0	112	50	0	0	640582	640582	0	34720	0.529785156
32462	0	878	49	1	32462	348123	672232	1	0	0.495330811
34108	0	547	50	0	0	188388	390383	0	0	0.520446777
34444	0	191	50	0	0	648648	648648	0	34444	0.52557373
34080	0	491	49	0	0	1371091	0	1	8107	0.520019531
34352	0	840	48	0	0	1072574	2686562	1	32691	0.524169922
34696	0	216	50	0	0	234777	435018	0	27119	0.529418945
34425	0	386	50	0	0	363098	523571	0	0	0.525283813
4812	0	873	50	1	0	12508	12508	0	0	0.073425293
33267	0	521	49	0	0	1157398	0	1	6507	0.507614136
33872	0	500	48	0	0	983171	2287213	1	8091	0.516845703
22859	0	878	50	1	0	31057	31057	0	0	0.348800659
34252	0	466	50	0	0	1544500	1647113	1	10928	0.522644043
34543	0	592	50	0	0	306835	316306	0	870	0.527084351
34343	0	846	49	0	0	1216072	1471004	1	19795	0.524032593
19997	0	869	49	1	19997	610707	855225	1	0	0.305130005
