32426	12	49	0	1	891031	959841	7251	0	0	0.494781494
32305	108	50	0	0	114451	422616	1369	0	0	0.492935181
32636	152	48	0	1	851301	1010045	1007	0	0	0.49798584
31981	751	50	1	0	32242	32243	0	384	287	0.487991333
33055	71	50	0	1	1049830	1119593	6095	0	0	0.504379272
33100	75	50	0	0	173276	300522	5152	0	0	0.505065918
32721	816	50	0	0	162945	626495	8917	0	0	0.499282837
32637	35	48	0	1	1015065	1269234	7425	0	0	0.498001099
27975	778	50	1	0	28299	28300	0	0	0	0.426864624
32071	670	50	0	1	1196798	1295571	10536	0	0	0.489364624
32581	161	51	0	0	98586	179565	1889	0	0	0.497146606
32541	178	49	0	0	156507	315633	1352	0	0	0.496536255
33079	130	50	0	0	217418	367100	4135	0	0	0.504745483
26942	751	50	1	0	23296	23296	0	0	0	0.411102295
32319	166	50	0	1	1209547	1260899	3105	0	0	0.493148804
32576	186	51	0	0	176088	344795	1359	0	0	0.497070313
31959	187	50	0	0	314217	476325	1529	0	0	0.48765564
31839	164	50	0	0	172622	616685	3863	0	0	0.485824585
32425	86	48	0	1	1103511	1380386	7986	0	0	0.494766235
25193	778	50	1	0	28770	28771	0	384	298	0.384414673
32094	177	50	0	1	1201956	1264555	4283	0	0	0.489715576
32762	392	51	0	0	281485	679125	37530	0	0	0.499908447
33372	116	48	0	1	991309	1412987	9592	0	0	0.509216309
25638	816	50	1	0	23612	23613	0	0	0	0.391204834
32607	211	50	0	1	1224181	1259777	702	0	0	0.497543335
32359	220	51	0	0	168324	271758	370	0	0	0.493759155
32125	185	50	0	0	356525	514131	5501	0	0	0.490188599
33518	39	48	0	1	992787	0	33518	0	0	0.511444092
33503	129	47	0	1	887159	2546563	33503	0	0	0.51121521
7225	778	50	1	0	12442	12443	0	0	0	0.110244751
32766	162	50	0	1	989018	1184948	32766	0	0	0.499969482
32547	181	49	0	0	768944	845868	6769	0	0	0.496627808
30236	816	50	1	0	38444	38444	0	0	0	0.461364746
32393	194	50	0	1	1205968	1289687	5788	0	0	0.494277954
32708	209	51	0	0	530968	487814	4525	0	0	0.499084473
31515	228	48	0	1	1456827	2065429	344	0	0	0.480880737
32398	196	50	0	0	362711	791117	6167	0	0	0.494354248
28729	778	50	1	0	29256	29258	0	384	310	0.438369751
31917	232	50	0	1	1083679	1118277	1274	0	0	0.487014771
32344	225	51	0	0	128387	179443	4439	0	0	0.493530273
32179	231	50	0	0	187268	536392	3442	0	0	0.491012573
32580	226	48	0	1	1065125	1342431	6985	0	0	0.497131348
27778	816	50	1	0	35706	35706	0	0	0	0.423858643
32019	236	50	0	1	1123666	1167377	3075	0	0	0.488571167
32501	237	51	0	0	142934	239343	1865	0	0	0.495925903
32041	265	50	0	0	183118	340469	849	0	0	0.48890686
32367	199	50	0	0	212878	441712	11727	0	0	0.493881226
32695	227	48	0	1	857461	0	6812	0	0	0.498886108
32737	358	47	0	1	838969	2155877	32737	0	0	0.499526978
11613	778	50	1	0	16908	16910	0	0	0	0.177200317
32751	260	50	0	1	989165	1049337	3662	0	0	0.499740601
32764	262	51	0	0	158135	378615	2858	0	0	0.499938965
32224	238	48	0	1	786875	1023406	5453	0	0	0.491699219
30602	816	50	1	0	27399	27400	0	0	0	0.466949463
32626	270	50	0	1	1047258	1107635	4628	0	0	0.497833252
32599	287	51	0	0	123552	185591	901	0	0	0.497421265
31620	234	50	0	0	165071	330363	9259	0	0	0.48248291
32237	282	49	0	1	793533	0	3352	0	0	0.491897583
32707	551	48	0	1	778889	1773008	32707	0	0	0.499069214
14226	778	50	1	0	21727	21727	0	384	0	0.217071533
32384	289	50	0	1	946519	1011925	4317	0	0	0.494140625
32762	509	51	0	0	440469	440470	32762	0	0	0.499908447
30053	392	49	1	1	339172	482010	0	30053	26190	0.458572388
32687	559	50	0	0	571145	571147	32687	0	0	0.498764038
31995	304	50	0	1	1028359	1069572	2700	0	0	0.488204956
32493	280	50	0	0	204761	358994	5693	0	0	0.495803833
32686	251	50	0	0	201872	343963	9041	0	0	0.498748779
16946	551	50	1	0	21243	21244	0	0	0	0.258575439
31990	305	50	0	1	979014	1028692	3059	0	0	0.488128662
31862	315	51	0	0	180463	299299	1621	0	0	0.486175537
32098	313	49	0	0	851259	0	3232	0	0	0.489776611
31767	320	48	0	1	898848	0	2133	0	0	0.484725952
32106	333	47	0	1	852825	2707791	0	0	0	0.489898682
29849	559	50	1	0	32359	32360	0	0	0	0.455459595
32739	189	50	0	1	1206126	1412858	32739	0	0	0.499557495
32189	300	51	0	0	191209	346983	6151	0	0	0.491165161
29179	778	50	1	0	36741	36742	0	768	0	0.445236206
31681	308	50	0	1	1104409	1165469	5248	0	0	0.483413696
31619	321	51	0	0	147062	238802	3068	0	0	0.482467651
31745	291	50	0	0	185565	611811	7762	0	0	0.484390259
32096	335	48	0	1	1074768	1341880	3822	0	0	0.489746094
25727	559	50	1	0	29807	29807	0	384	290	0.392562866
32039	355	50	0	1	1169746	1229325	2510	0	0	0.488876343
32416	331	51	0	0	155785	280900	4857	0	0	0.494628906
31920	352	50	0	0	218832	445353	2668	0	0	0.487060547
31683	360	50	0	0	406355	632196	2383	0	0	0.483444214
31543	374	48	0	1	1196004	1662705	579	0	0	0.481307983
30643	778	50	1	0	41934	41936	0	0	0	0.467575073
32146	337	50	0	1	1160730	1226099	5486	0	0	0.490509033
32496	338	51	0	0	199383	284376	4554	0	0	0.495849609
31252	382	50	0	0	194827	713984	1318	0	0	0.476867676
31695	327	48	0	1	969919	1273716	7631	0	0	0.483627319
28547	559	50	1	0	28389	28390	0	0	0	0.435592651
31625	406	50	0	1	1237981	1287083	813	0	0	0.482559204
32311	365	51	0	0	227565	390047	5665	0	0	0.493026733
31600	369	50	0	0	190341	577812	4231	0	0	0.482177734
31692	381	48	0	1	1025483	1286607	4147	0	0	0.483581543
30099	778	50	1	0	29913	29914	0	0	0	0.459274292
31758	407	50	0	1	1046864	1097155	2821	0	0	0.484588623
31740	409	51	0	0	122643	195481	1531	0	0	0.484313965
30650	416	50	0	0	136565	305271	908	0	0	0.467681885
31743	386	49	0	1	840300	901564	5097	0	0	0.484359741
31977	424	50	0	0	160161	308594	3960	0	0	0.487930298
26618	559	50	1	0	31192	31193	0	384	341	0.406158447
32254	384	50	0	1	1070974	1135966	6222	0	0	0.492156982
32731	428	51	0	0	223326	431967	37668	0	0	0.499435425
31722	444	48	0	1	751407	1051941	675	0	0	0.484039307
26986	778	50	1	0	40816	40818	0	768	0	0.411773682
31496	457	50	0	1	1058473	1086078	362	0	0	0.48059082
32323	408	51	0	0	213794	361067	7120	0	0	0.493209839
31264	437	50	0	0	213248	592084	3427	0	0	0.477050781
31725	467	48	0	1	942756	1203374	271	0	0	0.484085083
31871	486	50	0	0	182626	340218	0	0	0	0.486312866
32329	433	50	0	0	162384	269905	6634	0	0	0.493301392
24207	559	50	1	0	31023	31025	0	384	345	0.369369507
32092	451	50	0	1	953187	1005020	3822	0	0	0.489685059
31716	488	51	0	0	141839	272891	0	0	0	0.483947754
31293	466	50	0	0	173455	603302	3014	0	0	0.477493286
31873	434	48	0	1	1030151	1306363	6490	0	0	0.486343384
27793	778	50	1	0	29400	29402	0	0	0	0.424087524
31789	458	50	0	1	1173306	1231004	4372	0	0	0.485061646
31805	479	50	0	0	186574	296791	3521	0	0	0.485305786
31822	496	50	0	0	147716	308956	361	0	0	0.485565186
31811	481	50	0	0	162516	517056	4052	0	0	0.485397339
32102	512	48	0	1	933326	1137185	1877	0	0	0.489837646
30746	559	50	1	0	33933	33935	0	384	286	0.469146729
32690	435	50	0	1	1177639	1370600	32690	0	0	0.498809814
32672	442	51	0	0	194534	290097	8913	0	0	0.498535156
32613	454	50	0	0	296720	511776	53731	0	0	0.497634888
11646	778	50	1	0	15205	15206	0	0	0	0.177703857
31686	498	50	0	1	864514	911066	2682	0	0	0.48348999
32426	476	51	0	0	226545	390930	7471	0	0	0.494781494
32035	492	48	0	1	1016872	1331210	4600	0	0	0.488815308
29244	559	50	1	0	31798	31799	0	669	359	0.446228027
31797	520	50	0	1	1144616	1199282	3960	0	0	0.485183716
32447	506	51	0	0	214120	337475	4950	0	0	0.495101929
31976	540	50	0	0	149450	496981	2609	0	0	0.487915039
31021	542	48	0	1	946863	1165404	2018	0	0	0.473342896
29982	778	50	1	0	31010	31011	0	384	167	0.457489014
31475	548	50	0	1	1177414	1215866	1072	0	0	0.480270386
31874	554	51	0	0	164088	290225	1000	0	0	0.486358643
32086	545	50	0	0	161157	294759	3559	0	0	0.489593506
32051	523	50	0	0	193881	449465	6436	0	0	0.489059448
31964	532	48	0	1	963083	0	5037	0	0	0.487731934
31705	559	47	1	1	148590	1463162	0	32622	28759	0.483779907
32247	552	50	0	0	216655	376955	3928	0	0	0.492050171
32627	553	50	0	0	387286	387288	32627	0	0	0.497848511
30694	778	49	1	1	316182	460400	0	30694	26831	0.468353271
31773	565	50	0	0	118357	193896	2508	0	0	0.484817505
31606	543	50	0	0	194744	344744	5747	0	0	0.482269287
32018	562	50	0	0	159846	573678	4540	0	0	0.488555908
32573	561	48	0	1	1008567	0	32573	0	0	0.497024536
32401	579	47	0	1	792160	2195665	586	0	0	0.494400024
12401	559	50	1	0	19950	19951	0	384	349	0.189224243
33222	147	50	0	1	1018138	1222579	33222	0	0	0.50692749
33351	245	51	0	0	510302	510303	33351	0	0	0.508895874
18245	565	50	1	1	291950	394004	0	18245	14470	0.278396606
31707	567	49	0	1	991825	1051413	4303	0	0	0.483810425
32054	569	50	0	0	189197	336309	4956	0	0	0.489105225
31600	574	50	0	0	193825	628262	4147	0	0	0.482177734
32282	577	48	0	1	1097534	1373597	4837	0	0	0.492584229
27071	579	50	1	0	29509	29510	0	384	289	0.413070679
32072	595	50	0	1	1188019	1232501	1002	0	0	0.489379883
32760	580	51	0	0	282519	652378	34052	0	0	0.49987793
32428	589	48	0	1	949292	1323559	4324	0	0	0.494812012
31216	778	50	1	0	28712	28713	0	0	0	0.476318359
32039	591	50	0	1	1237572	1300350	3595	0	0	0.488876343
31870	620	51	0	0	207534	422287	306	0	0	0.486297607
31293	643	50	0	0	224117	495732	557	0	0	0.477493286
32038	566	49	0	1	959863	1156993	8557	0	0	0.488861084
29606	595	50	1	0	26484	26485	0	0	0	0.451751709
32030	491	50	0	1	1586215	1724167	13947	0	0	0.488739014
31713	594	51	0	0	364915	589544	2768	0	0	0.483901978
31528	597	48	0	1	1007795	1497847	3787	0	0	0.481079102
27096	620	50	1	0	27567	27568	0	384	331	0.413452148
32747	535	50	0	1	1479669	1670905	32747	0	0	0.499679565
32565	592	50	0	0	607811	618365	6699	0	0	0.496902466
30952	689	48	0	1	1165347	1829017	1494	0	0	0.472290039
27829	643	50	1	0	26601	26601	0	0	0	0.424636841
31993	598	50	0	1	1668753	1830656	5808	0	0	0.488174438
32680	24	51	0	0	378923	713392	1893	0	0	0.498657227
30161	816	50	0	0	433621	718406	189	0	0	0.460220337
31275	664	50	0	0	392637	495906	4898	0	0	0.477218628
31041	670	48	0	1	1270228	1891370	4706	0	0	0.473648071
26192	778	50	1	0	30202	30203	0	384	227	0.399658203
31114	743	50	0	1	1538719	1686537	3051	0	0	0.474761963
31476	578	51	0	0	597451	627415	9703	0	0	0.480285645
32121	75	48	0	1	1175838	1886876	0	0	0	0.490127563
32633	35	50	0	0	735187	1252825	3892	0	0	0.497940063
30151	816	50	1	0	29452	29453	0	0	0	0.460067749
32659	19	50	0	1	1282554	1344548	5009	0	0	0.498336792
32336	90	51	0	0	261745	795583	1900	0	0	0.493408203
31076	688	50	0	0	563872	533221	7831	0	0	0.474182129
32642	36	48	0	1	1529160	0	5567	0	0	0.498077393
32655	37	47	0	1	1020500	3246693	5109	0	0	0.498275757
24670	778	50	1	0	29143	29145	0	384	284	0.376434326
32101	116	50	0	1	1250276	1295749	1693	0	0	0.489822388
32703	586	51	0	0	756561	756562	32703	0	0	0.499008179
31593	32	49	0	1	1769603	1994987	6142	0	0	0.482070923
27910	816	50	1	0	26210	26211	0	0	0	0.425872803
31914	71	50	0	1	1605159	1680930	4380	0	0	0.486968994
31586	751	51	0	0	657379	494911	8161	0	0	0.481964111
31277	39	48	0	1	1611185	0	5548	0	0	0.477249146
31231	161	47	0	1	1086448	0	984	0	0	0.476547241
32127	129	46	0	1	923096	4422103	4459	0	0	0.490219116
25269	778	50	1	0	29681	29683	0	384	312	0.385574341
32662	162	50	0	1	1222709	1386449	2838	0	0	0.498382568
32504	178	51	0	0	444094	1006319	1699	0	0	0.49597168
31776	152	50	0	0	204175	712725	4504	0	0	0.484863281
31945	108	48	0	1	1243259	1736183	7315	0	0	0.487442017
27802	816	50	1	0	27041	27041	0	0	0	0.424224854
31809	181	50	0	1	1194203	1239756	1995	0	0	0.485366821
31515	187	51	0	0	756166	1006222	421	0	0	0.480880737
31202	177	50	0	0	179304	581686	2961	0	0	0.476104736
31637	130	50	0	0	234126	608112	6489	0	0	0.48274231
31733	166	48	0	1	947671	1262073	4920	0	0	0.484207153
25670	778	50	1	0	28653	28655	0	384	292	0.391693115
31871	186	50	0	1	1093804	1159259	2939	0	0	0.486312866
31945	199	51	0	0	166677	245813	1328	0	0	0.487442017
32097	189	50	0	0	166931	1112739	5150	0	0	0.489761353
32606	194	48	0	1	977828	1244661	5841	0	0	0.497528076
28181	816	50	1	0	27213	27213	0	0	0	0.430007935
32513	196	50	0	1	1115608	1167903	3969	0	0	0.496109009
32550	209	51	0	0	209338	334284	3852	0	0	0.496673584
31853	225	50	0	0	219736	387085	1724	0	0	0.486038208
32069	220	50	0	0	178978	502112	3303	0	0	0.489334106
32702	185	48	0	1	884932	1154378	8319	0	0	0.49899292
25795	778	50	1	0	21913	21913	0	0	0	0.393600464
32565	226	50	0	1	1081921	1142236	4034	0	0	0.496902466
32656	231	51	0	0	211762	335086	3591	0	0	0.498291016
31818	237	50	0	0	129716	595630	630	0	0	0.48550415
32445	232	48	0	1	950131	1162177	3339	0	0	0.495071411
31301	816	50	1	0	31464	31466	0	0	0	0.477615356
32464	227	50	0	1	1126639	1180979	4916	0	0	0.495361328
32681	236	51	0	0	214402	378736	3885	0	0	0.498672485
31287	260	50	0	0	149108	294647	428	0	0	0.477401733
32087	211	49	0	1	791708	863778	7170	0	0	0.489608765
30914	778	50	1	0	30420	30421	0	0	0	0.471710205
31809	238	50	0	1	1076024	1125293	3512	0	0	0.485366821
32166	270	51	0	0	137470	203358	1263	0	0	0.490814209
31387	287	50	0	0	151747	312165	473	0	0	0.478927612
31760	291	49	0	0	715614	766211	1000	0	0	0.484619141
32411	234	50	0	0	232321	401906	11959	0	0	0.494552612
27657	816	50	1	0	36926	36927	0	384	272	0.422012329
32073	265	50	0	1	1094860	1159458	4574	0	0	0.489395142
32284	251	51	0	0	112830	185680	5055	0	0	0.492614746
31904	304	50	0	0	129432	300399	3134	0	0	0.486816406
32476	262	49	0	0	701568	0	5318	0	0	0.495544434
32639	581	48	0	1	763356	1684878	32639	0	0	0.498031616
12635	778	50	1	0	17050	17051	0	0	0	0.1927948
31805	289	50	0	1	953946	1012221	4387	0	0	0.485305786
32713	582	51	0	0	420823	420824	32713	0	0	0.499160767
30106	816	49	1	1	345778	485023	0	30106	26243	0.459381104
31945	315	50	0	0	122668	231806	1029	0	0	0.487442017
32673	583	50	0	0	431895	431896	32673	0	0	0.498550415
32354	331	49	0	1	989157	1024799	647	0	0	0.493682861
29021	581	50	1	0	39346	39346	0	768	252	0.442825317
32011	308	50	0	1	1070046	1141213	4798	0	0	0.488449097
32727	280	51	0	0	200697	306652	8529	0	0	0.49937439
31550	333	49	0	0	702634	762165	1656	0	0	0.481414795
32524	300	50	0	0	214255	479562	10694	0	0	0.496276855
27472	582	48	1	1	244396	598019	0	28207	26716	0.419189453
32654	313	50	0	0	203759	352374	6646	0	0	0.498260498
31888	320	50	0	0	169735	336708	4849	0	0	0.486572266
31910	337	50	0	0	193742	517780	2311	0	0	0.486907959
32171	327	48	0	1	904083	1165329	4600	0	0	0.490890503
29936	583	50	1	0	27173	27174	0	0	0	0.456787109
32317	338	50	0	1	1135972	1186705	2865	0	0	0.493118286
32342	358	51	0	0	144608	220206	1513	0	0	0.493499756
32225	374	50	0	0	151726	324406	547	0	0	0.491714478
32644	321	50	0	0	173106	519646	7162	0	0	0.49810791
32576	585	48	0	1	967073	1343164	32576	0	0	0.497070313
14986	582	50	1	0	18292	18293	0	0	0	0.228668213
32703	369	50	0	1	1022235	1072203	3843	0	0	0.499008179
32596	588	50	0	0	260315	405713	33866	0	0	0.497375488
30867	583	48	1	1	123109	541409	0	30867	27004	0.470993042
32751	590	50	0	0	232260	266886	36322	0	0	0.499740601
32041	365	50	0	0	240399	374196	4150	0	0	0.48890686
30469	585	48	1	1	250498	650353	0	30469	26606	0.464920044
32362	335	50	0	0	190951	340719	7888	0	0	0.493804932
32477	352	50	0	0	164930	280413	6958	0	0	0.495559692
31585	408	50	0	0	186807	504309	1286	0	0	0.481948853
31574	406	48	0	1	826975	1068383	1313	0	0	0.481781006
32010	407	50	0	0	172927	344203	2573	0	0	0.488433838
30412	588	50	1	0	28516	28517	0	0	0	0.464050293
31986	360	50	0	1	1135292	1205926	6730	0	0	0.488067627
32574	382	51	0	0	132456	478503	5374	0	0	0.497039795
31656	392	48	0	1	859574	1059203	4145	0	0	0.483032227
31827	434	50	0	0	190706	353702	1274	0	0	0.485641479
27680	590	50	1	0	32246	32247	0	384	231	0.422363281
32031	416	50	0	1	1168314	1236371	5081	0	0	0.488754272
32014	424	51	0	0	152098	220559	2989	0	0	0.488494873
31820	386	50	0	0	182657	327051	6752	0	0	0.485534668
31301	588	50	1	0	33622	33623	0	384	0	0.477615356
31621	433	50	0	1	1119087	1157827	2375	0	0	0.482498169
30992	442	49	0	1	974259	1010043	734	0	0	0.472900391
31900	454	50	0	0	174175	340433	1605	0	0	0.486755371
32732	428	49	0	1	877094	0	7620	0	0	0.499450684
32429	457	48	0	1	831135	0	2874	0	0	0.494827271
32484	466	47	0	1	738292	2563878	822	0	0	0.495666504
26006	590	50	1	0	25993	25995	0	0	0	0.396820068
32613	596	50	0	1	950692	1129144	32613	0	0	0.497634888
32657	638	51	0	0	421187	421187	32657	0	0	0.498306274
19694	588	50	1	1	255127	384822	0	19694	15831	0.300506592
31999	467	51	0	0	148936	302306	2192	0	0	0.488265991
32342	476	50	0	0	151569	285278	2507	0	0	0.493499756
31874	486	50	0	0	177318	319635	68	0	0	0.486358643
31927	444	50	0	0	154105	410724	5254	0	0	0.487167358
32611	496	48	0	1	872098	1067921	312	0	0	0.49760437
31417	590	50	1	0	24849	24849	0	0	0	0.479385376
32591	696	50	0	1	1047582	1236499	32591	0	0	0.497299194
33513	33	51	0	0	532288	532288	33513	0	0	0.511367798
18422	596	49	1	1	271713	402322	0	18422	14559	0.281097412
32048	437	50	0	0	206070	362178	7232	0	0	0.489013672
31858	509	50	0	0	198714	361301	483	0	0	0.486114502
31579	491	50	0	0	191813	602690	2864	0	0	0.4818573
32007	506	48	0	1	1073964	1327324	2221	0	0	0.488388062
31768	638	50	1	0	29016	29016	0	0	0	0.484741211
31877	479	50	0	1	1217223	1290885	5440	0	0	0.486404419
32263	488	51	0	0	147864	185030	3993	0	0	0.492294312
32010	535	50	0	0	175452	519706	0	0	0	0.488433838
31903	435	49	0	0	148294	402312	22714	0	0	0.486801147
26292	696	50	1	0	34444	34446	0	384	313	0.401184082
31957	458	50	0	1	1408588	1542357	8220	0	0	0.487625122
31248	520	49	0	1	1155621	0	2615	0	0	0.476806641
32041	492	48	0	1	936986	2342296	5744	0	0	0.48890686
30178	638	49	1	1	347800	704832	0	30178	27345	0.460479736
32056	552	50	0	0	859286	1077675	202	0	0	0.489135742
32336	542	50	0	0	406765	849394	3124	0	0	0.493408203
32479	481	50	0	0	550421	881817	9913	0	0	0.49559021
31927	543	50	0	0	502249	683402	3032	0	0	0.487167358
31454	551	48	0	1	1545451	2174154	928	0	0	0.479949951
30539	696	50	1	0	30272	30273	0	384	337	0.465988159
32168	512	50	0	1	1830192	2056749	7467	0	0	0.490844727
32716	716	51	0	0	611987	611988	32716	0	0	0.499206543
29555	638	49	1	1	713529	855915	0	29555	25692	0.450973511
31559	548	50	0	0	267582	465421	3874	0	0	0.481552124
31593	561	50	0	0	756355	1277356	547	0	0	0.482070923
31535	532	50	0	0	186279	286391	5821	0	0	0.481185913
32748	279	50	0	0	520647	520648	32748	0	0	0.499694824
23388	696	49	1	1	267394	418711	0	23388	19525	0.356872559
32032	554	50	0	0	150756	291954	4069	0	0	0.488769531
31444	559	50	0	0	162818	338077	2958	0	0	0.479797363
31320	567	50	0	0	397009	718903	1079	0	0	0.477905273
31350	577	49	0	1	1095125	1178971	771	0	0	0.478363037
31830	562	50	0	0	500382	983707	6143	0	0	0.485687256
30545	716	50	1	0	30085	30085	0	384	332	0.466079712
31389	566	50	0	1	2069337	2155853	1252	0	0	0.47895813
32087	553	51	0	0	611605	1077015	6776	0	0	0.489608765
30981	579	50	0	0	462667	476557	1351	0	0	0.472732544
31061	545	48	0	1	1502053	0	8153	0	0	0.473953247
31841	578	47	0	1	844852	0	2588	0	0	0.485855103
31718	589	46	0	1	814009	3762415	861	0	0	0.483978271
23136	696	50	1	0	28102	28103	0	384	314	0.353027344
31453	591	50	0	1	1041077	1088368	294	0	0	0.479934692
32720	519	51	0	0	543576	543578	32720	0	0	0.499267578
31399	523	49	0	1	1100183	1206047	10536	0	0	0.479110718
23549	716	50	1	0	26630	26630	0	384	112	0.359329224
31170	580	50	0	1	1114792	1175780	4189	0	0	0.475616455
31195	597	51	0	0	130038	283538	1341	0	0	0.475997925
30800	595	50	0	0	198480	552611	1421	0	0	0.469970703
31365	592	48	0	1	1109542	1383486	4911	0	0	0.478591919
28704	696	50	1	0	34764	34765	0	768	365	0.437988281
31455	565	50	0	1	1201251	1286086	8102	0	0	0.47996521
31877	569	50	0	0	229301	379306	7888	0	0	0.486404419
31688	598	50	0	0	172936	504886	3592	0	0	0.483520508
31323	664	48	0	1	849196	1075203	1994	0	0	0.47795105
29904	716	50	1	0	30337	30338	0	384	302	0.456298828
31538	643	50	0	1	1027921	1072640	3227	0	0	0.481231689
31632	743	51	0	0	160412	254081	75	0	0	0.482666016
32749	483	50	0	0	572023	572023	32749	0	0	0.499710083
26659	696	49	1	1	303175	461404	0	26659	22796	0.406784058
31892	688	50	0	0	191000	340945	3567	0	0	0.486633301
31486	586	50	0	0	219106	372983	11801	0	0	0.480438232
32025	24	50	0	0	166217	317339	2788	0	0	0.48866272
31649	594	49	0	1	813647	888872	7513	0	0	0.482925415
29319	716	50	1	0	28976	28978	0	0	0	0.447372437
32461	36	50	0	1	1067199	1112197	1492	0	0	0.495315552
32541	620	51	0	0	153567	187449	7358	0	0	0.496536255
32169	35	50	0	0	179790	466182	3151	0	0	0.490859985
32096	37	48	0	1	957435	1211463	3700	0	0	0.489746094
29011	743	50	1	0	38958	38959	0	0	0	0.442672729
32089	670	50	0	1	1217412	1300259	7092	0	0	0.489639282
32201	19	51	0	0	245947	376572	6458	0	0	0.491348267
32079	116	50	0	0	270711	672465	564	0	0	0.489486694
31313	689	48	0	1	1047663	1401971	6486	0	0	0.477798462
29986	716	50	1	0	27238	27239	0	0	0	0.457550049
31971	71	50	0	1	1217720	1282306	3469	0	0	0.487838745
31719	129	51	0	0	158810	276874	1163	0	0	0.48399353
31322	147	50	0	0	155911	322583	637	0	0	0.477935791
31460	90	50	0	0	214486	374479	3289	0	0	0.480041504
31523	32	50	0	0	183512	376383	13938	0	0	0.481002808
26593	743	50	1	0	26246	26247	0	0	0	0.405776978
31522	108	50	0	1	1143731	1212988	3706	0	0	0.480987549
31822	162	50	0	0	144246	324801	1429	0	0	0.485565186
31991	39	50	0	0	204424	617351	7371	0	0	0.488143921
31289	75	48	0	1	1038706	1374214	5228	0	0	0.477432251
30226	716	50	1	0	30429	30430	0	384	0	0.461212158
31567	152	50	0	1	1212836	1272678	3417	0	0	0.481674194
32153	187	51	0	0	150374	268791	194	0	0	0.490615845
32021	186	50	0	0	604227	928502	1806	0	0	0.488601685
32325	130	49	0	1	866304	935251	7047	0	0	0.493240356
30195	743	50	1	0	29335	29336	0	0	0	0.460739136
32437	181	50	0	1	1225901	1283845	3624	0	0	0.494949341
32644	185	51	0	0	160694	218275	3398	0	0	0.49810791
31906	161	50	0	0	186338	536969	6321	0	0	0.486846924
32665	189	48	0	1	919326	1180929	4183	0	0	0.498428345
25533	716	50	1	0	27365	27366	0	384	319	0.389602661
32500	199	50	0	1	1125371	1173135	2379	0	0	0.495910645
32735	253	51	0	0	249880	534974	33786	0	0	0.49949646
32652	209	48	0	1	845256	1192147	3660	0	0	0.49822998
31497	743	50	1	0	28015	28016	0	0	0	0.480606079
32478	194	50	0	1	1141573	1210210	5631	0	0	0.495574951
32645	225	51	0	0	183527	298500	1689	0	0	0.498123169
32620	232	50	0	0	304795	466355	0	0	0	0.497741699
32752	236	49	0	1	847475	888592	1124	0	0	0.499755859
32731	465	50	0	0	765357	992568	32812	0	0	0.499435425
14147	716	50	1	0	17882	17883	0	0	0	0.215866089
32407	220	50	0	1	1039410	1097012	4563	0	0	0.494491577
32497	754	50	0	0	464045	464046	32497	0	0	0.495864868
29946	743	49	1	1	318832	458896	0	29946	26083	0.456939697
32287	196	50	0	0	200304	342936	6969	0	0	0.492660522
32249	211	50	0	0	209321	368422	6139	0	0	0.492080688
32061	231	50	0	0	206129	356474	3778	0	0	0.489212036
32349	260	50	0	0	197930	346015	603	0	0	0.493606567
32696	227	50	0	0	142280	225908	4564	0	0	0.498901367
24876	716	50	1	0	26571	26571	0	0	0	0.379577637
31913	265	50	0	1	985918	1027038	1078	0	0	0.486953735
33501	6	51	0	0	272174	393936	35297	0	0	0.511184692
31989	237	48	0	1	895818	1267827	4880	0	0	0.488113403
27246	743	50	1	0	21491	21492	0	0	0	0.415740967
32069	245	50	0	1	1100772	1156454	4352	0	0	0.489334106
32670	177	51	0	0	231848	531664	12061	0	0	0.498504639
31656	251	48	0	1	994036	1298583	3626	0	0	0.483032227
30272	754	50	1	0	29128	29129	0	0	0	0.461914063
31773	262	50	0	1	1097177	1166607	4079	0	0	0.484817505
32760	226	51	0	0	183857	244914	8327	0	0	0.49987793
31300	300	50	0	0	180397	329766	1303	0	0	0.477600098
31854	313	50	0	0	761056	949396	288	0	0	0.486053467
32359	289	50	0	0	249509	460605	6042	0	0	0.493759155
29354	743	48	1	1	279231	660704	0	30793	29181	0.447906494
32542	291	50	0	0	213370	389228	4689	1920	1374	0.496551514
32121	287	50	0	0	239469	387665	5488	0	0	0.490127563
32200	304	49	0	1	908785	974676	4038	0	0	0.491333008
32749	426	50	0	0	180620	447578	57392	0	0	0.499710083
13669	754	50	1	0	18269	18270	0	0	0	0.208572388
31867	270	50	0	1	1093013	1178672	7198	0	0	0.486251831
31794	327	51	0	0	250208	384326	248	0	0	0.485137939
32135	333	49	0	1	895432	939793	2241	0	0	0.490341187
32524	338	50	0	0	353089	506119	206	0	0	0.496276855
31949	743	50	1	0	33061	33062	0	384	318	0.487503052
33055	136	50	0	1	1393328	1593609	33055	0	0	0.504379272
33012	150	50	0	0	273663	380112	42235	0	0	0.503723145
18616	754	50	1	0	20764	20766	0	0	0	0.284057617
32057	352	50	0	1	1233696	1275922	1923	0	0	0.489151001
32269	360	51	0	0	268600	333826	428	0	0	0.492385864
32564	335	50	0	0	453327	841848	4232	0	0	0.496887207
32415	308	50	0	0	504236	518829	12497	0	0	0.494613647
32752	374	48	0	1	1304523	2027453	2842	0	0	0.499755859
27827	465	50	1	0	26548	26548	0	0	0	0.424606323
33110	272	50	0	1	1580413	2111180	33110	0	0	0.505218506
32840	315	51	0	0	220945	358761	7903	0	0	0.501098633
32190	337	50	0	0	225371	391719	4689	0	0	0.49118042
19109	426	50	1	0	22793	22793	0	0	0	0.2915802
31924	321	50	0	1	1068401	1133919	6626	0	0	0.487121582
31713	392	51	0	0	165338	322246	1178	0	0	0.483901978
31368	406	50	0	0	271162	452258	126	0	0	0.478637695
31971	369	48	0	1	933277	0	4611	0	0	0.487838745
32414	320	47	0	1	854336	0	8933	0	0	0.494598389
32421	428	46	0	1	911862	3134617	0	0	0	0.4947052
23636	465	50	1	0	23532	23533	0	0	0	0.360656738
32658	386	50	0	1	1101510	1168046	4567	0	0	0.498321533
32603	435	51	0	0	179620	291031	999	0	0	0.4974823
32276	407	50	0	0	208687	497155	4761	0	0	0.492492676
32453	382	48	0	1	909529	1211455	6889	0	0	0.495193481
26965	426	50	1	0	25630	25630	0	0	0	0.411453247
32119	408	50	0	1	1204104	1255574	4298	0	0	0.490097046
32283	424	51	0	0	155180	279615	3156	0	0	0.492599487
31732	434	50	0	0	222892	399089	2416	0	0	0.484191895
32121	442	48	0	1	864024	1146868	3022	0	0	0.490127563
28167	428	50	1	0	28356	28357	0	0	0	0.429794312
32588	358	50	0	1	1107053	1193022	9711	0	0	0.497253418
32583	444	51	0	0	157353	307616	3516	0	0	0.497177124
31352	458	50	0	0	178486	461186	344	0	0	0.478393555
31975	479	48	0	1	837896	1063667	434	0	0	0.48789978
30323	435	50	1	0	29290	29290	0	384	306	0.462692261
32458	481	50	0	1	1098783	1127136	923	0	0	0.495269775
32720	660	51	0	0	253721	268255	33736	0	0	0.499267578
32476	457	50	0	0	195713	346397	5071	0	0	0.495544434
30872	442	50	1	0	29698	29698	0	0	0	0.471069336
32317	476	50	0	1	1147405	1209645	3194	0	0	0.493118286
32692	708	51	0	0	316462	653254	33272	0	0	0.498840332
32632	492	48	0	1	914225	1298740	879	0	0	0.497924805
32507	496	50	0	0	137539	300259	665	0	0	0.496017456
30766	444	50	1	0	29199	29201	0	0	0	0.469451904
32399	454	50	0	1	1143901	1208779	6111	0	0	0.494369507
32746	787	51	0	0	530901	530903	32746	0	0	0.499664307
26784	457	49	1	1	313327	513179	0	26784	22921	0.408691406
32038	416	50	0	0	320605	553620	9964	0	0	0.488861084
32104	519	50	0	0	147027	309817	879	0	0	0.489868164
31388	437	50	0	0	202818	500623	8371	0	0	0.478942871
29478	458	48	1	1	237534	575143	0	29478	25615	0.449798584
31992	466	50	0	0	215993	452033	8854	0	0	0.48815918
31607	488	50	0	0	163111	319663	4693	0	0	0.482284546
31846	506	50	0	0	303815	477484	3426	0	0	0.485931396
31958	486	50	0	0	195280	363753	7082	0	0	0.487640381
31886	532	50	0	0	836117	931460	496	0	0	0.486541748
29583	465	50	1	0	29861	29862	0	0	0	0.451400757
32302	520	50	0	1	1250698	1311275	3733	0	0	0.492889404
32401	535	51	0	0	123132	153559	1507	0	0	0.494400024
31648	548	50	0	0	206593	351683	612	0	0	0.482910156
31402	512	50	0	0	236919	533165	4662	0	0	0.479156494
31907	491	48	0	1	1170413	1502772	7825	0	0	0.486862183
26419	466	50	1	0	25361	25362	0	0	0	0.403121948
31650	542	50	0	1	1422594	1489930	3425	0	0	0.482940674
32622	545	51	0	0	138660	171579	2606	0	0	0.497772217
31962	559	50	0	0	232888	568091	924	0	0	0.487701416
31360	561	48	0	1	1034152	1398010	1176	0	0	0.478515625
30859	476	50	1	0	23233	23233	0	384	305	0.470870972
32399	509	50	0	1	1555215	1741961	8547	0	0	0.494369507
32612	566	51	0	0	138503	224136	698	0	0	0.497619629
32011	551	50	0	0	424973	644228	4988	0	0	0.488449097
31535	523	48	0	1	1348997	1986740	7369	0	0	0.481185913
28733	479	50	1	0	26459	26460	0	0	0	0.438430786
31815	552	50	0	1	1827946	1969022	4513	0	0	0.485458374
32558	543	50	0	0	475364	777576	7259	0	0	0.496795654
32264	554	50	0	0	444881	693459	5143	0	0	0.49230957
32757	576	48	0	1	1605484	2670021	32757	0	0	0.499832153
14421	481	50	1	0	19408	19410	0	384	0	0.220046997
31515	578	50	0	1	1284212	1336523	356	0	0	0.480880737
32285	565	51	0	0	277038	397515	4760	0	0	0.492630005
31606	567	50	0	0	165638	313929	4310	0	0	0.482269287
31474	579	50	0	0	900695	1086774	1075	0	0	0.480255127
30942	486	50	1	0	35367	35368	0	0	0	0.472137451
32076	585	50	0	1	2118737	2186413	334	0	0	0.489440918
31638	586	51	0	0	123516	283357	0	0	0	0.482757568
31964	562	50	0	0	235926	390599	9696	0	0	0.487731934
31869	577	50	0	0	235296	661954	5340	0	0	0.486282349
32282	581	50	0	0	200421	491518	4290	0	0	0.492584229
29357	488	49	1	1	530069	1056391	0	29357	28045	0.447952271
32749	582	50	0	0	591409	1206821	4851	0	0	0.499710083
32311	594	50	0	0	928463	1295967	658	0	0	0.493026733
31880	569	50	0	0	229204	677140	7205	0	0	0.486450195
32001	491	48	1	1	241615	621764	0	32001	28139	0.488296509
32034	589	50	0	0	276662	446296	3411	0	0	0.488800049
32684	595	50	0	0	400280	1017324	3138	0	0	0.498718262
32056	597	50	0	0	546208	1323766	1051	0	0	0.489135742
32634	592	50	0	0	764686	672404	4233	0	0	0.497955322
30835	492	48	1	1	1228944	2494443	0	30835	26972	0.470504761
32765	394	50	0	0	1030737	1249344	35676	0	0	0.499954224
32641	638	50	0	0	865844	1206843	3584	0	0	0.498062134
32510	664	49	0	0	608428	900780	1492	0	0	0.496063232
32734	693	50	0	0	685558	1838033	61997	0	0	0.499481201
13422	496	50	1	0	17594	17596	0	0	0	0.204803467
31577	583	50	0	1	1861831	2201798	8062	0	0	0.481826782
32759	550	51	0	0	649955	649957	32759	0	0	0.499862671
26164	506	49	1	1	374010	507677	0	26164	22301	0.399230957
32237	591	50	0	0	445287	950976	7085	0	0	0.491897583
31888	620	50	0	0	743759	1411769	4503	0	0	0.486572266
31771	588	50	0	0	529448	738686	8040	0	0	0.484786987
31484	689	48	0	1	1799153	2379289	396	0	0	0.480407715
30340	509	50	1	0	35393	35394	0	384	309	0.46295166
31826	596	50	0	1	1304697	1369660	5357	0	0	0.485626221
32196	24	51	0	0	171593	369984	85	0	0	0.491271973
32118	6	50	0	0	387964	726317	3543	0	0	0.490081787
31363	670	50	0	0	221311	399768	5424	0	0	0.478561401
31391	696	50	0	0	333415	508811	2824	0	0	0.478988647
28557	512	50	1	0	29390	29391	0	0	0	0.435745239
32136	36	50	0	1	2626869	2782626	592	0	0	0.490356445
32546	854	51	0	0	724604	948214	37551	0	0	0.496612549
33280	35	49	0	0	1399768	1615597	4174	0	0	0.5078125
32133	519	50	1	0	29668	29668	0	0	0	0.490310669
32668	37	50	0	1	2197139	2406016	3013	0	0	0.498474121
32619	643	51	0	0	907696	1579605	9084	0	0	0.49772644
31668	71	49	0	1	1294943	1480724	1327	0	0	0.483215332
32241	33	50	0	0	186123	364041	5047	0	0	0.491958618
28739	523	50	1	0	26999	27000	0	0	0	0.438522339
32596	90	50	0	1	1423212	1473004	1017	0	0	0.497375488
32470	108	51	0	0	174353	301191	1520	0	0	0.495452881
32622	32	50	0	0	173986	617845	6968	0	0	0.497772217
31996	39	48	0	1	998406	1243894	5151	0	0	0.488220215
27332	543	50	1	0	29418	29419	0	384	110	0.417053223
31295	688	50	0	1	1153842	1238982	8239	0	0	0.477523804
32378	19	51	0	0	209986	353113	8136	0	0	0.494049072
32486	150	50	0	0	204688	351489	701	0	0	0.495697021
32368	136	49	0	0	799280	848008	2918	0	0	0.493896484
32136	152	50	0	0	218856	374383	0	0	0	0.490356445
30559	554	50	1	0	39202	39202	0	384	355	0.466293335
32728	130	50	0	1	1150002	1220820	4089	0	0	0.499389648
32749	504	51	0	0	519471	519471	32749	0	0	0.499710083
29337	565	49	1	1	311195	462991	0	29337	25474	0.447647095
31809	162	50	0	0	184661	366074	2009	0	0	0.485366821
32053	186	50	0	0	302901	453031	609	0	0	0.489089966
32713	75	50	0	0	216934	364588	8944	0	0	0.499160767
32354	129	49	0	0	776479	863336	5758	0	0	0.493682861
30843	577	50	1	0	40241	40243	0	0	0	0.470626831
32104	177	50	0	1	1123277	1175167	3391	0	0	0.489868164
32196	147	50	0	0	196155	352880	5533	0	0	0.491271973
32168	185	50	0	0	215474	357385	3017	0	0	0.490844727
32367	187	50	0	0	177171	382652	3521	0	0	0.493881226
32249	196	48	0	1	904783	1126452	770	0	0	0.492080688
30793	582	50	1	0	28046	28046	0	0	0	0.469863892
32652	116	50	0	1	1092104	1173252	8566	0	0	0.49822998
32750	487	51	0	0	427586	427587	32750	0	0	0.499725342
27144	588	49	1	1	296518	442682	0	27144	23281	0.41418457
32597	199	50	0	0	137825	247138	2912	0	0	0.497390747
32123	220	50	0	0	148602	313421	1586	0	0	0.490158081
31835	225	50	0	0	156903	307663	1051	0	0	0.48576355
31777	231	50	0	0	199295	386359	326	0	0	0.48487854
32443	181	48	0	1	944637	0	8649	0	0	0.495040894
32431	189	47	0	1	803523	0	7096	0	0	0.494857788
32533	232	46	0	1	737592	2857894	2182	0	0	0.496414185
19936	595	50	1	0	24839	24840	0	0	0	0.304199219
32728	667	50	0	1	1018972	1204168	32728	0	0	0.499389648
32942	209	51	0	0	219238	346823	5711	0	0	0.502655029
26392	638	50	1	0	26268	26268	0	0	0	0.402709961
32735	227	50	0	1	1077924	1138155	4607	0	0	0.49949646
32426	237	51	0	0	200733	317707	4280	0	0	0.494781494
32103	245	50	0	0	201379	589103	5297	0	0	0.489852905
31994	211	47	0	1	925809	0	6406	0	0	0.488189697
32239	194	47	0	1	728721	2008112	8116	0	0	0.491928101
21506	667	50	1	0	22089	22091	0	0	0	0.328155518
32558	265	50	0	1	969076	1000652	1597	0	0	0.496795654
32739	279	51	0	0	110379	145575	618	0	0	0.499557495
32733	432	50	0	0	439481	439481	32733	0	0	0.499465942
25413	696	49	1	1	282066	430913	0	25413	21550	0.387771606
32081	260	50	0	0	165948	270268	3694	0	0	0.489517212
31971	300	50	0	0	197411	341712	761	0	0	0.487838745
32728	251	50	0	0	199217	537472	7508	0	0	0.499389648
32678	262	48	0	1	890183	0	5556	0	0	0.498626709
32148	287	47	0	1	744812	0	3751	0	0	0.490539551
32414	289	46	0	1	738232	2705938	3536	0	0	0.494598389
24012	667	50	1	0	26518	26519	0	0	0	0.366394043
32767	253	50	0	1	997704	1068539	6999	0	0	0.499984741
32181	304	51	0	0	165638	247542	1440	0	0	0.491043091
32051	272	50	0	0	201360	363734	5419	0	0	0.489059448
30129	696	50	1	0	171640	323177	0	22899	21847	0.459732056
31871	308	50	0	0	165079	332311	3068	0	0	0.486312866
32096	327	50	0	0	270168	408876	264	0	0	0.489746094
32754	291	50	0	0	198298	330991	7130	0	0	0.499786377
32015	313	50	0	0	238612	442196	4314	0	0	0.488510132
30170	667	48	1	1	227039	615180	0	30170	26307	0.460357666
32372	321	50	0	0	209002	361343	3084	0	0	0.49395752
31801	337	50	0	0	126173	266564	820	0	0	0.485244751
32742	320	50	0	0	165974	298734	4560	0	0	0.499603271
32656	475	50	0	0	250842	489096	46891	0	0	0.498291016
29376	696	48	1	1	196707	592158	0	29376	25513	0.448242188
32700	621	50	0	0	237672	321886	41673	0	0	0.498962402
32764	701	50	0	0	231372	402558	46927	0	0	0.499938965
30100	667	48	1	1	178971	545488	0	30100	26237	0.459289551
32471	333	50	0	0	153875	245970	5033	0	0	0.49546814
32351	360	50	0	0	169065	313221	2880	0	0	0.493637085
32037	335	50	0	0	176457	477900	4843	0	0	0.488845825
32002	382	48	0	1	959089	1180888	970	0	0	0.488311768
29719	696	50	1	0	31150	31150	0	384	315	0.453475952
32681	369	50	0	1	1092289	1154686	3896	0	0	0.498672485
32266	392	51	0	0	128146	210590	429	0	0	0.492340088
31216	406	50	0	0	198886	341998	1105	0	0	0.476318359
31137	407	50	0	0	222455	469865	946	0	0	0.475112915
31546	358	48	0	1	937864	1251338	5099	0	0	0.48135376
29074	701	50	1	0	40616	40617	0	0	0	0.443634033
32364	315	50	0	1	1147577	1226356	8992	0	0	0.493835449
32198	338	51	0	0	139332	186626	6513	0	0	0.49130249
32058	428	50	0	0	201186	376358	1330	0	0	0.48916626
31956	434	50	0	0	219644	345597	588	0	0	0.487609863
29232	696	50	1	0	31290	31291	0	384	150	0.446044922
31804	416	50	0	1	1108589	1174243	3521	0	0	0.485290527
32210	386	51	0	0	162058	292166	5279	0	0	0.491485596
32582	437	50	0	0	151240	279971	881	0	0	0.497161865
32647	444	50	0	0	158784	553068	1280	0	0	0.498153687
32237	457	48	0	1	961926	1172974	616	0	0	0.491897583
31899	701	50	1	0	35939	35941	0	384	339	0.486740112
32649	709	50	0	1	1205619	1406983	32649	0	0	0.498184204
32764	848	51	0	0	502826	502827	32764	0	0	0.499938965
19826	696	49	1	1	274174	390041	0	19826	15963	0.302520752
32715	465	50	0	0	126252	210548	1508	0	0	0.499191284
32682	488	50	0	0	191199	343897	441	0	0	0.498687744
32277	374	50	0	0	224973	375723	9356	0	0	0.492507935
32587	424	49	0	0	814740	903721	8300	0	0	0.497238159
30237	701	50	1	0	29831	29831	0	0	0	0.461380005
32682	426	50	0	1	1081968	1159139	7692	0	0	0.498687744
32459	435	51	0	0	153602	407208	6503	0	0	0.495285034
32144	479	48	0	1	782509	980037	1865	0	0	0.490478516
32140	481	50	0	0	190459	352767	1733	0	0	0.49041748
27046	709	50	1	0	37858	37859	0	384	332	0.412689209
32051	486	50	0	1	1105171	1165985	2463	0	0	0.489059448
32267	496	51	0	0	147222	251060	913	0	0	0.492355347
31955	509	50	0	0	203311	625976	1537	0	0	0.487594604
32547	442	48	0	1	1055379	1371065	8621	0	0	0.496627808
26692	848	50	1	0	27256	27258	0	384	322	0.407287598
32063	492	50	0	1	1009865	1054202	2928	0	0	0.489242554
32521	476	51	0	0	189981	316551	6340	0	0	0.496231079
32021	542	50	0	0	248052	394443	412	0	0	0.488601685
32312	548	50	0	0	122572	467047	274	0	0	0.493041992
32654	520	48	0	1	982496	0	4835	0	0	0.498260498
32729	888	47	0	1	935144	2311384	32729	0	0	0.499404907
11835	709	50	1	0	17026	17027	0	0	0	0.180587769
32669	506	50	0	1	1030434	1100357	5591	0	0	0.49848938
32731	532	51	0	0	157039	409987	4318	0	0	0.499435425
31796	552	48	0	1	799248	1002417	549	0	0	0.485168457
32761	758	50	0	0	226781	357623	46063	0	0	0.499893188
13562	848	50	1	0	58556	137336	0	11967	11374	0.206939697
33381	77	50	0	0	447650	447650	33381	0	0	0.509353638
32248	545	49	0	1	1138878	1216878	4935	0	0	0.49206543
30929	888	50	1	0	26242	26244	0	0	0	0.471939087
32149	491	50	0	1	1230211	1309092	8752	0	0	0.49055481
32606	561	51	0	0	204618	316187	2683	0	0	0.497528076
31708	562	50	0	0	167344	488013	1773	0	0	0.483825684
31539	559	48	0	1	975818	0	2928	0	0	0.481246948
32257	567	47	0	1	909405	0	2144	0	0	0.492202759
32475	578	46	0	1	912041	3073363	493	0	0	0.495529175
27905	848	50	1	0	28257	28259	0	0	0	0.425796509
32744	674	50	0	1	1174198	1381113	32744	0	0	0.499633789
33415	139	51	0	0	676159	676161	33415	0	0	0.509872437
19130	888	50	1	1	290848	419666	0	19268	15405	0.291900635
31842	566	49	0	1	997341	1063214	4005	0	0	0.485870361
32762	445	50	0	0	273156	776821	49205	0	0	0.499908447
31771	551	48	0	1	974898	1426217	6316	0	0	0.484786987
21128	848	50	1	0	21413	21413	0	0	0	0.322387695
31893	535	50	0	1	1191957	1281054	8914	0	0	0.48664856
31505	581	51	0	0	172696	344373	1511	0	0	0.480728149
31425	458	49	0	1	949897	0	12731	0	0	0.479507446
31464	586	48	0	1	931070	0	1459	0	0	0.480102539
31887	550	47	0	1	934343	3003854	8728	0	0	0.486557007
18966	888	50	1	0	22765	22766	0	0	0	0.289398193
31560	579	50	0	1	1136167	1197214	3640	0	0	0.481567383
31928	583	51	0	0	408688	758199	4161	0	0	0.487182617
31352	576	49	0	1	944207	1044570	5263	0	0	0.478393555
31137	589	50	0	0	174931	406630	2743	0	0	0.475112915
27144	848	50	1	0	27643	27643	0	384	354	0.41418457
31902	585	50	0	1	1542343	1656885	4572	0	0	0.486785889
31679	591	51	0	0	434799	709492	4065	0	0	0.483383179
30920	597	49	0	0	127690	335906	2912	0	0	0.471801758
31378	620	50	0	0	875046	1050695	1375	384	260	0.478790283
29346	888	50	1	0	26451	26452	0	0	0	0.447784424
30288	643	50	0	1	1510074	1590523	0	0	0	0.462158203
32067	569	51	0	0	264827	590075	8932	0	0	0.489303589
31919	594	50	0	0	406048	616967	6333	0	0	0.487045288
31234	693	48	0	1	1280441	1727434	131	0	0	0.476593018
28864	848	50	1	0	29862	29863	0	384	342	0.440429688
31452	596	50	0	1	1102112	1166499	5375	0	0	0.479919434
31351	670	51	0	0	202783	355880	3062	0	0	0.478378296
31376	708	50	0	0	216814	382380	304	0	0	0.478759766
31193	592	50	0	0	206596	547348	7160	0	0	0.475967407
31458	660	48	0	1	934946	1234837	5402	0	0	0.480010986
28593	888	50	1	0	26425	26426	0	0	0	0.436294556
31294	787	50	0	1	1095634	1139213	1491	0	0	0.477508545
31510	688	51	0	0	198434	346600	3625	0	0	0.480804443
31705	24	50	0	0	167536	393313	1393	0	0	0.483779907
31703	33	48	0	1	835107	1043370	0	0	0	0.48374939
32708	6	50	0	0	160581	302454	4477	0	0	0.499084473
28971	848	50	1	0	32403	32403	0	384	302	0.442062378
31652	35	50	0	1	1122825	1177726	2227	0	0	0.482971191
32716	404	51	0	0	418080	418080	32716	0	0	0.499206543
30499	888	49	1	1	294896	447175	0	30499	26636	0.465377808
31810	664	50	0	0	220936	368725	12506	0	0	0.48538208
32119	75	50	0	0	326682	470389	468	0	0	0.490097046
32123	39	50	0	0	177805	362520	2020	0	0	0.490158081
32066	32	50	0	0	188198	508003	4710	0	0	0.48928833
31978	689	48	0	1	944234	1225320	8242	0	0	0.487945557
25363	848	50	1	0	24241	24243	0	0	0	0.387008667
32381	19	50	0	1	1107835	1186151	6820	0	0	0.494094849
32605	90	51	0	0	153334	301066	3342	0	0	0.497512817
31119	854	50	0	0	197989	316234	7307	0	0	0.474838257
30252	888	50	1	0	159037	294702	0	22777	20431	0.461608887
31638	116	50	0	0	229284	388314	1682	0	0	0.482757568
31637	129	50	0	0	191599	348854	2108	0	0	0.48274231
31395	136	50	0	0	198730	354105	2394	0	0	0.479049683
31616	37	50	0	0	171712	495478	6258	0	0	0.482421875
31348	848	48	1	1	262987	724463	0	31348	27485	0.47833252
32005	162	50	0	0	166284	287686	380	0	0	0.488357544
31829	36	50	0	0	433741	673978	7434	0	0	0.485671997
31354	130	50	0	0	186938	583112	3744	0	0	0.478424072
31554	71	48	0	1	952964	0	6276	0	0	0.48147583
32681	108	47	0	1	958572	0	7579	0	0	0.498672485
32316	186	46	0	1	978204	3473429	452	0	0	0.493103027
22810	854	50	1	0	25495	25496	0	0	0	0.348052979
32670	152	50	0	1	1302020	1362726	4396	0	0	0.498504639
32689	515	51	0	0	536976	536976	32689	0	0	0.498794556
28821	888	49	1	1	596306	826587	0	28821	24958	0.43977356
32361	150	50	0	0	294804	435448	5523	0	0	0.493789673
32509	177	50	0	0	158319	313124	5258	0	0	0.496047974
31987	199	50	0	0	325837	594520	1472	0	0	0.488082886
31964	187	48	0	1	1121931	1517490	3863	0	0	0.487731934
30811	854	50	1	0	27786	27787	0	0	0	0.47013855
32416	181	50	0	1	1168746	1226162	5341	0	0	0.494628906
32150	185	50	0	0	231325	374961	4252	0	0	0.490570068
31937	225	50	0	0	321837	494809	212	0	0	0.487319946
32241	194	50	0	0	192531	522451	4355	0	0	0.491958618
32723	209	48	0	1	992330	1252831	3656	0	0	0.499313354
29198	888	50	1	0	28702	28703	0	0	0	0.445526123
32256	211	50	0	1	1044362	1087569	2049	0	0	0.4921875
32763	604	51	0	0	425195	425196	32763	0	0	0.499923706
31516	189	49	0	1	972362	1033259	5501	0	0	0.480895996
27206	854	50	1	0	30340	30341	0	768	0	0.415130615
31883	196	50	0	1	1086612	1158439	4745	0	0	0.486495972
31803	232	51	0	0	171520	278270	1305	0	0	0.485275269
31467	147	50	0	0	189372	479369	16290	0	0	0.480148315
32197	220	48	0	1	847298	0	4555	0	0	0.491287231
32179	227	47	0	1	728456	1909845	4535	0	0	0.491012573
22327	888	50	1	0	28576	28577	0	384	297	0.340682983
31900	245	50	0	1	1040956	1080642	2253	0	0	0.486755371
31465	237	49	0	1	897303	956885	4250	0	0	0.480117798
31376	265	50	0	0	223101	366577	709	0	0	0.478759766
32752	251	49	0	0	774951	849581	5463	0	0	0.499755859
30775	854	50	1	0	32033	32035	0	0	0	0.469589233
32692	262	50	0	1	1175435	1231051	3624	0	0	0.498840332
32217	287	51	0	0	166951	291686	619	0	0	0.491592407
31917	260	50	0	0	184500	556016	3850	0	0	0.487014771
32323	231	48	0	1	964666	1241936	7149	0	0	0.493209839
28305	888	50	1	0	31817	31818	0	384	336	0.431900024
32306	300	50	0	1	1049987	1073390	620	0	0	0.492950439
32740	533	51	0	0	233729	256896	33781	0	0	0.499572754
32599	304	50	0	0	205288	369641	2282	0	0	0.497421265
31628	854	50	1	0	28163	28163	0	0	0	0.48260498
32671	279	50	0	1	1150771	1211182	5357	0	0	0.498519897
32709	607	51	0	0	421599	421600	32709	0	0	0.499099731
30116	533	49	1	1	330810	471464	0	30116	26253	0.459533691
32687	253	50	0	0	185048	312669	7804	0	0	0.498764038
32048	272	50	0	0	180283	317624	6404	0	0	0.489013672
31402	289	50	0	0	130179	422643	8046	0	0	0.479156494
31782	308	48	0	1	886318	0	3715	0	0	0.484954834
31864	320	47	0	1	737196	1864298	1016	0	0	0.486206055
27133	854	50	1	0	27230	27231	0	0	0	0.414016724
32411	313	50	0	1	999842	1063229	4441	0	0	0.494552612
32609	608	51	0	0	428812	428813	32609	0	0	0.497573853
31891	291	49	0	1	1037351	1106425	6356	0	0	0.486618042
25764	607	50	1	0	24134	24134	0	0	0	0.393127441
31945	338	50	0	1	957124	989966	0	0	0	0.487442017
32647	610	51	0	0	209368	226601	33320	0	0	0.498153687
32514	358	49	0	1	740527	794039	2205	0	0	0.496124268
32593	628	50	0	0	241799	287153	35685	0	0	0.497329712
13016	854	50	1	0	17617	17618	0	0	0	0.198608398
31971	337	50	0	1	1003427	1049823	2976	0	0	0.487838745
32122	374	51	0	0	166406	273144	875	0	0	0.490142822
31429	333	49	0	0	690815	758081	4476	0	0	0.479568481
31652	327	50	0	0	267247	408485	6464	0	0	0.482971191
27193	608	48	1	1	248657	631405	0	28804	25776	0.414932251
32764	315	50	0	0	175234	278291	8163	768	449	0.499938965
31533	335	50	0	0	187940	328884	4687	0	0	0.481155396
32076	360	50	0	0	113774	433860	4350	0	0	0.489440918
31115	394	48	0	1	809535	964723	0	0	0	0.474777222
31784	610	50	1	0	28072	28074	0	0	0	0.484985352
32390	321	50	0	1	1049379	1127553	8566	0	0	0.494232178
32490	382	51	0	0	147707	265419	3934	0	0	0.495758057
32174	386	50	0	0	201191	362907	4260	0	0	0.490936279
31662	628	50	1	0	32228	32228	0	384	135	0.483123779
32620	406	50	0	1	1244196	1308774	4444	0	0	0.497741699
32128	424	51	0	0	159448	316850	739	0	0	0.490234375
32542	407	50	0	0	169819	554959	4653	0	0	0.496551514
32177	369	48	0	1	968614	1238833	8095	0	0	0.490982056
27354	854	50	1	0	21352	21354	0	384	341	0.417388916
32081	392	50	0	1	1105642	1184204	6067	0	0	0.489517212
32420	426	51	0	0	217267	374573	4067	0	0	0.494689941
32096	428	50	0	0	169711	359191	5622	0	0	0.489746094
32620	434	49	0	0	833291	0	3062	0	0	0.497741699
32544	435	48	0	1	844549	1771066	2264	0	0	0.496582031
28357	628	50	1	0	38872	38873	0	0	0	0.432693481
32504	437	50	0	1	1034562	1085838	2135	0	0	0.49597168
32569	445	51	0	0	125030	202207	94	0	0	0.496963501
32341	458	50	0	0	124083	251586	262	0	0	0.493484497
32623	475	50	0	0	162148	498055	1930	0	0	0.497787476
32683	482	48	0	1	1030001	1411329	32683	0	0	0.498703003
13822	854	50	1	0	21452	21452	0	0	0	0.210906982
32737	416	50	0	1	926094	1005014	8862	0	0	0.499526978
32565	465	51	0	0	156593	436753	3375	0	0	0.496902466
32271	442	48	0	1	872821	1117405	5390	0	0	0.492416382
30599	628	50	1	0	40707	40709	0	0	0	0.466903687
32716	444	50	0	1	1242699	1309754	5849	0	0	0.499206543
32522	457	50	0	0	174506	326330	4622	0	0	0.496246338
32108	486	50	0	0	159549	316373	880	0	0	0.489929199
32290	488	50	0	0	161395	387402	1410	0	0	0.492706299
32646	492	48	0	1	874494	1086520	873	0	0	0.498138428
32063	854	50	1	0	30422	30423	0	0	0	0.489242554
32591	479	50	0	1	1184736	1244604	4915	0	0	0.497299194
32727	546	51	0	0	538636	538636	32727	0	0	0.49937439
30431	628	49	1	1	347574	486501	0	30431	26568	0.46434021
32037	487	50	0	0	207217	379352	3766	0	0	0.488845825
32321	432	50	0	0	203846	339354	9473	0	0	0.493179321
32298	476	50	0	0	214040	381739	8598	0	0	0.492828369
32280	481	49	0	0	739352	0	5384	0	0	0.492553711
32233	506	48	0	1	827179	1668327	1790	0	0	0.491836548
27669	854	50	1	0	27765	27765	0	0	0	0.422195435
32419	496	50	0	1	1114654	1181479	3891	0	0	0.494674683
32701	584	51	0	0	519691	519692	32701	0	0	0.498977661
28392	628	49	1	1	327701	487616	0	28392	24529	0.433227539
32253	504	50	0	0	186921	317083	4748	0	0	0.492141724
32278	491	50	0	0	193224	333958	7181	0	0	0.492523193
32015	532	50	0	0	142068	516169	2513	0	0	0.488510132
31680	550	48	0	1	968395	1153435	1354	0	0	0.483398438
32405	509	50	0	0	208118	597522	5639	0	0	0.49446106
28774	854	48	1	1	254654	614337	0	29394	27252	0.439056396
32381	542	50	0	0	223122	367112	2980	0	0	0.494094849
31756	559	50	0	0	180105	349387	0	0	0	0.484558105
32298	545	50	0	0	132486	238511	2876	0	0	0.492828369
32159	548	50	0	0	166630	517749	3256	0	0	0.490707397
32134	520	48	0	1	926469	1182974	6561	0	0	0.490325928
27054	628	50	1	0	24908	24908	0	0	0	0.412811279
32288	562	50	0	1	1045406	1088717	1974	0	0	0.492675781
32714	622	51	0	0	483020	483020	32714	0	0	0.499176025
31248	854	49	1	1	347284	501964	0	31248	27385	0.476806641
31893	561	50	0	0	210632	353896	3476	0	0	0.48664856
32120	569	50	0	0	144444	290798	1456	0	0	0.490112305
31717	551	50	0	0	186283	520384	5118	0	0	0.483963013
31600	535	48	0	1	903000	0	6809	0	0	0.482177734
31723	578	47	0	1	811939	0	555	0	0	0.484054565
32299	552	46	0	1	849358	2884616	4749	0	0	0.492843628
22110	628	50	1	0	23032	23033	0	0	0	0.337371826
31986	581	50	0	1	1073444	1102737	437	0	0	0.488067627
32122	585	51	0	0	176944	261569	706	0	0	0.490142822
32741	567	50	0	0	183949	345875	5576	0	0	0.499588013
32186	576	49	0	1	817279	882350	4802	0	0	0.491119385
31509	854	50	1	0	31435	31436	0	384	108	0.480789185
32661	583	50	0	1	1206027	1275145	3760	0	0	0.49836731
32526	632	51	0	0	443176	443177	32526	0	0	0.496307373
30847	628	49	1	1	320542	471435	0	30847	26984	0.470687866
32550	579	50	0	0	193138	336394	6074	0	0	0.496673584
31670	596	50	0	0	143184	262928	285	0	0	0.48324585
32257	586	50	0	0	181727	344501	7922	0	0	0.492202759
32305	591	50	0	0	133367	496743	2982	0	0	0.492935181
32722	592	48	0	1	887513	1087741	3522	0	0	0.499298096
31158	854	50	1	0	27635	27635	0	0	0	0.47543335
32637	597	50	0	1	1054988	1102826	3208	0	0	0.498001099
32370	642	51	0	0	442970	442972	32370	0	0	0.493927002
31353	632	49	1	1	363702	517806	0	31353	27490	0.478408813
32034	664	50	0	0	160612	279941	528	0	0	0.488800049
31994	643	50	0	0	132194	238866	751	0	0	0.488189697
31652	660	50	0	0	178216	306886	723	0	0	0.482971191
32230	566	50	0	0	206253	344884	10275	0	0	0.491790771
28381	854	50	1	0	30296	30298	0	384	287	0.433059692
31994	689	50	0	1	1053370	1089579	911	0	0	0.488189697
32719	594	51	0	0	133877	169137	6396	0	0	0.499252319
32058	693	50	0	0	209046	357340	1059	0	0	0.48916626
31624	620	50	0	0	179963	538394	8410	0	0	0.482543945
32733	589	48	0	1	1077646	1390096	9713	0	0	0.499465942
25953	664	49	1	1	115588	266289	0	25953	23561	0.396011353
32625	662	50	0	0	531901	531901	32625	0	0	0.497817993
32579	33	50	0	1	1129538	1159009	6	0	0	0.497116089
32710	679	51	0	0	276222	408077	46119	0	0	0.49911499
17480	689	50	1	0	19860	19862	0	0	0	0.266723633
32433	688	50	0	1	1019207	1090529	4770	0	0	0.494888306
32513	690	51	0	0	626490	626492	32513	0	0	0.496109009
29289	693	49	1	1	325675	477037	0	29289	25426	0.446914673
31983	604	50	0	0	199715	340259	7930	0	0	0.488021851
31152	888	50	0	0	211020	496792	3986	0	0	0.475341797
31160	6	50	0	0	186804	661772	5304	0	0	0.475463867
31860	36	48	0	1	1054249	0	2454	0	0	0.48614502
32038	75	47	0	1	913728	2251032	782	0	0	0.488861084
28092	854	50	1	0	25921	25921	0	0	0	0.428649902
32424	32	50	0	1	1299874	1352002	4307	0	0	0.494750977
32759	37	51	0	0	186284	332974	4019	0	0	0.499862671
32302	71	50	0	0	189568	605191	2660	0	0	0.492889404
32113	90	48	0	1	1054597	1307916	2584	0	0	0.490005493
30056	888	50	1	0	37367	37368	0	0	0	0.458618164
32050	670	50	0	1	1234793	1321793	8819	0	0	0.489044189
32365	703	51	0	0	600931	600931	32365	0	0	0.493850708
28567	854	49	1	1	327401	480931	0	28567	24704	0.435897827
31997	19	50	0	0	227258	377936	9338	0	0	0.488235474
31909	116	50	0	0	133606	278132	2168	0	0	0.4868927
32346	39	50	0	0	223661	375385	6170	0	0	0.493560791
32419	24	49	0	1	970286	1064880	8753	0	0	0.494674683
29401	888	50	1	0	26212	26214	0	0	0	0.448623657
32465	130	50	0	1	1232630	1295251	3299	0	0	0.495376587
32439	147	51	0	0	136867	184109	1947	0	0	0.494979858
32564	139	50	0	0	223143	648775	3549	0	0	0.496887207
31375	152	48	0	1	1178882	1501314	1672	0	0	0.478744507
30555	854	50	1	0	41187	41188	0	0	0	0.4662323
32165	150	50	0	1	1234060	1295438	4001	0	0	0.49079895
32619	181	51	0	0	225602	401300	2151	0	0	0.49772644
31883	162	50	0	0	252187	612949	3663	0	0	0.486495972
31881	189	48	0	1	1042674	1341153	368	0	0	0.486465454
32481	129	50	0	0	206744	347596	7325	0	0	0.495620728
27132	888	50	1	0	30405	30405	0	384	307	0.414001465
31860	185	50	0	1	1189786	1252269	2670	0	0	0.48614502
32317	199	51	0	0	169444	284018	361	0	0	0.493118286
32101	220	50	0	0	221775	388277	1084	0	0	0.489822388
31977	187	49	0	0	147725	336393	6570	0	0	0.487930298
32753	108	50	0	0	210640	417339	17082	0	0	0.499771118
23228	854	50	1	0	32577	32577	0	384	339	0.354431152
32505	177	50	0	1	1105595	1188170	7575	0	0	0.495986938
32382	196	50	0	0	165646	282793	4066	0	0	0.494110107
31523	211	50	0	0	187723	777653	2378	0	0	0.481002808
32316	713	48	0	1	1053431	1477630	32316	0	0	0.493103027
14633	888	50	1	0	22723	22723	0	0	0	0.22328186
32666	237	50	0	1	1267368	1317288	2947	0	0	0.498443604
32475	251	51	0	0	214713	363577	1064	0	0	0.495529175
31060	227	50	0	0	158521	483156	2877	0	0	0.473937988
32607	194	48	0	1	1004596	1250851	7281	0	0	0.497543335
26893	854	50	1	0	28085	28086	0	0	0	0.410354614
32260	231	50	0	1	1127481	1193986	4965	0	0	0.492248535
32569	232	51	0	0	139169	248138	4478	0	0	0.496963501
32105	265	50	0	0	176422	344390	1776	0	0	0.489883423
31685	186	50	0	0	178978	406804	8181	0	0	0.483474731
31587	225	48	0	1	874309	1127455	5323	0	0	0.48197937
25939	888	50	1	0	26750	26751	0	0	0	0.395797729
32097	262	50	0	1	1024244	1080954	3095	0	0	0.489761353
32090	272	51	0	0	177375	293562	2916	0	0	0.489654541
32090	253	50	0	0	145768	483330	4444	0	0	0.489654541
31945	300	48	0	1	888911	1082431	336	0	0	0.487442017
30012	854	50	1	0	31008	31009	0	384	305	0.457946777
31879	308	50	0	1	1011188	1047878	1292	0	0	0.486434937
32373	245	51	0	0	167499	255833	5949	0	0	0.493972778
32002	289	50	0	0	161060	509811	3517	0	0	0.488311768
32075	291	48	0	1	882442	1111751	3549	0	0	0.489425659
30064	888	50	1	0	29975	29976	0	0	0	0.458740234
32761	20	50	0	1	1147354	1340916	32761	0	0	0.499893188
32181	279	50	0	0	201150	439810	5956	0	0	0.491043091
32557	333	48	0	1	909618	1164690	404	0	0	0.496780396
28802	854	50	1	0	26181	26183	0	0	0	0.439483643
32534	338	50	0	1	1031247	1068581	926	0	0	0.496429443
32257	722	51	0	0	384792	384792	32257	0	0	0.492202759
32471	327	49	0	1	988672	1041600	3264	0	0	0.49546814
30532	888	50	1	0	28195	28196	0	0	0	0.465881348
32507	313	50	0	1	1087065	1163561	6083	0	0	0.496017456
32651	321	51	0	0	152642	220802	3911	0	0	0.498214722
32666	287	50	0	0	222010	491074	15404	0	0	0.498443604
32180	337	48	0	1	931618	0	2914	0	0	0.491027832
32453	358	47	0	1	827190	2127413	3797	0	0	0.495193481
24057	338	50	1	0	23653	23655	0	0	0	0.367080688
31999	369	50	0	1	1071140	1120492	1786	0	0	0.488265991
32758	360	51	0	0	221445	368751	4013	0	0	0.499847412
31636	374	50	0	0	133307	564837	1747	0	0	0.482727051
31915	320	48	0	1	1119152	1344176	6286	0	0	0.486984253
28665	888	50	1	0	26969	26969	0	0	0	0.437393188
32765	387	50	0	1	1215379	1430491	32765	0	0	0.499954224
32284	404	51	0	0	169025	294122	0	0	0	0.492614746
32483	416	50	0	0	212315	371277	493	0	0	0.495651245
25550	369	50	1	0	29683	29684	0	384	284	0.389862061
31995	315	50	0	1	1168395	1253427	8944	0	0	0.488204956
31948	407	50	0	0	180237	340082	2769	0	0	0.487487793
32105	428	50	0	0	188555	468545	433	0	0	0.489883423
32125	775	48	0	1	998970	1413862	32125	0	0	0.490188599
14987	374	50	1	0	21946	21948	0	384	0	0.228683472
32125	884	50	0	1	1010922	1205836	32125	0	0	0.490188599
32263	392	50	0	0	174358	288217	4495	0	0	0.492294312
32064	387	50	1	0	29175	29175	0	0	0	0.489257813
32322	394	50	0	1	1217889	1280963	3944	0	0	0.49319458
32187	432	51	0	0	167113	299992	2223	0	0	0.491134644
31937	437	50	0	0	309034	453913	486	0	0	0.487319946
32215	442	50	0	0	152635	414568	897	0	0	0.49156189
32124	882	48	0	1	836323	1205276	32124	0	0	0.49017334
15241	404	50	1	0	20216	20217	0	0	0	0.232559204
31997	457	50	0	1	1029996	1066648	1433	0	0	0.488235474
32354	386	51	0	0	224632	360734	8233	0	0	0.493682861
31412	445	50	0	0	176093	349403	2228	0	0	0.479309082
31889	426	50	0	0	201489	497867	8616	0	0	0.486587524
29942	407	48	1	1	267046	593670	0	31473	29166	0.456878662
32344	382	50	0	0	202621	328538	10128	0	0	0.493530273
31831	424	50	0	0	702544	1145189	6998	0	0	0.485702515
32019	435	50	0	0	226323	373148	5606	0	0	0.488571167
29737	416	48	1	1	254004	632050	0	29737	25874	0.45375061
32017	465	50	0	0	178859	339559	4181	0	0	0.488540649
31598	479	50	0	0	144011	322461	1160	0	0	0.482147217
31880	487	50	0	0	192602	343155	394	0	0	0.486450195
32026	475	50	0	0	227878	615753	4651	0	0	0.488677979
31551	481	48	0	1	1058017	1352312	2477	0	0	0.481430054
32002	424	50	1	0	29685	29685	0	0	0	0.488311768
32752	222	50	0	1	1283262	1482843	32752	0	0	0.499755859
32733	425	50	0	0	632616	632618	32733	0	0	0.499465942
17573	426	49	1	1	626984	922442	0	17573	13710	0.2681427
31603	434	50	0	0	534979	868315	8638	0	0	0.482223511
31656	491	50	0	0	469470	898031	2591	0	0	0.483032227
31887	486	50	0	0	222595	650135	3821	0	0	0.486557007
31389	504	48	0	1	1325230	1699654	2559	0	0	0.47895813
28034	428	50	1	0	29816	29817	0	384	335	0.427764893
31965	492	50	0	1	1799647	1968702	3250	0	0	0.487747192
32760	439	51	0	0	676699	676700	32760	0	0	0.49987793
32000	520	49	0	1	1599398	1694505	349	0	0	0.48828125
31785	432	50	1	0	34870	34871	0	384	152	0.48500061
32722	462	50	0	1	1480778	1870197	32722	0	0	0.499298096
32462	476	51	0	0	190059	744617	8385	0	0	0.495330811
31413	434	48	1	1	242958	591832	0	31413	27550	0.479324341
31683	482	50	0	0	224045	375766	6337	0	0	0.483444214
31154	533	50	0	0	157484	325776	1479	0	0	0.475372314
32058	535	50	0	0	198256	536505	3555	0	0	0.48916626
31945	458	48	0	1	1138360	1564341	10057	0	0	0.487442017
26187	435	50	1	0	36273	36274	0	0	0	0.399581909
31740	546	50	0	1	1594902	1732740	1429	0	0	0.484313965
32754	494	51	0	0	549133	549133	32754	0	0	0.499786377
31276	515	49	0	1	1067035	1171335	4306	0	0	0.477233887
26914	437	50	1	0	60498	60499	0	0	0	0.410675049
31228	548	50	0	1	1774909	1874343	2151	0	0	0.476501465
31751	561	51	0	0	188306	320324	1196	0	0	0.484481812
30942	545	50	0	0	186077	574420	6900	0	0	0.472137451
31652	509	49	0	1	984606	0	7299	0	0	0.482971191
31628	551	48	0	1	1124703	2445095	2818	0	0	0.48260498
25798	439	50	1	0	29886	29888	0	384	314	0.39364624
32103	733	50	0	1	1669348	2228367	32103	0	0	0.489852905
32141	506	51	0	0	170257	257635	8539	0	0	0.490432739
28759	442	50	1	0	28266	28267	0	0	0	0.438827515
31355	562	50	0	1	1260174	1371996	3327	0	0	0.478439331
32056	559	51	0	0	323137	465165	4358	0	0	0.489135742
31132	542	50	0	0	208127	631683	10345	0	0	0.475036621
30315	569	48	0	1	998756	0	1092	0	0	0.46257019
31485	581	47	0	1	1002466	2422175	508	0	0	0.480422974
28421	445	50	1	0	30287	30288	0	384	325	0.433670044
31483	576	50	0	1	2006275	2153193	2938	0	0	0.480392456
31572	584	51	0	0	176238	355398	561	0	0	0.481750488
31746	579	50	0	0	179738	601902	3627	0	0	0.484405518
31747	550	50	0	0	193856	641405	8473	0	0	0.484420776
31379	457	48	1	1	232780	600180	0	31379	27516	0.478805542
30974	567	50	0	0	380866	813549	4703	0	0	0.472625732
31387	589	50	0	0	605350	1171772	1594	0	0	0.478927612
31838	583	50	0	0	573452	594991	4057	0	0	0.485809326
32093	728	48	0	1	1119944	2075138	32093	0	0	0.489700317
15403	458	50	1	0	25344	25345	0	0	0	0.235031128
31941	566	50	0	1	1855029	2139238	8948	0	0	0.487380981
32031	591	50	0	0	1272421	2716788	4437	3072	2501	0.488754272
31414	596	50	0	0	460041	593975	2339	0	0	0.4793396
32105	592	48	0	1	1850083	2547528	4052	0	0	0.489883423
27790	462	50	1	0	28732	28734	0	384	0	0.424041748
31751	585	50	0	1	2115840	2240104	6393	0	0	0.484481812
32045	632	51	0	0	216568	511155	583	0	0	0.488967896
30892	578	50	0	0	675604	600426	7327	0	0	0.471374512
31064	586	48	0	1	1573451	2325807	5744	0	0	0.473999023
27357	465	50	1	0	30156	30157	0	384	316	0.417434692
31159	610	50	0	1	2357490	2503592	1101	0	0	0.475448608
32011	597	51	0	0	228720	434621	5100	0	0	0.488449097
31059	608	50	0	0	147726	586446	3407	0	0	0.473922729
31049	620	48	0	1	2166461	2542772	3296	0	0	0.473770142
31470	628	50	0	0	1140426	1811338	4244	0	0	0.480194092
24366	475	50	1	0	24470	24470	0	0	0	0.371795654
31195	604	50	0	1	1957379	2080812	6408	0	0	0.475997925
31356	642	51	0	0	204477	338930	4062	0	0	0.47845459
30356	607	50	0	0	256894	500123	9087	0	0	0.463195801
30779	643	48	0	1	1812627	0	3562	0	0	0.469650269
30898	664	47	0	1	1498847	3972077	1279	0	0	0.471466064
26870	476	50	1	0	24294	24295	0	384	308	0.410003662
31632	662	50	0	1	2373531	2546153	2726	0	0	0.482666016
31615	689	51	0	0	161855	298516	1254	0	0	0.482406616
31426	670	50	0	0	1185726	2141812	4508	0	0	0.479522705
30710	703	49	0	0	271466	1194143	818	0	0	0.468597412
30263	713	50	0	0	783082	1645927	1098	0	0	0.461776733
28746	487	50	1	0	31085	31087	0	384	364	0.43862915
32077	6	50	0	1	2543227	2589831	1440	0	0	0.489456177
32096	24	51	0	0	214427	726518	366	0	0	0.489746094
31374	660	50	0	0	1004025	1720166	7423	0	0	0.478729248
31112	688	49	0	1	1502815	1743694	4815	0	0	0.474731445
31857	679	50	0	0	809913	1441493	5948	0	0	0.486099243
25227	509	50	1	0	28709	28710	0	384	298	0.384933472
31978	32	50	0	1	1626564	1775067	3115	0	0	0.487945557
31940	37	51	0	0	187362	352449	1326	0	0	0.487365723
31252	39	50	0	0	175772	349223	729	0	0	0.476867676
31307	19	50	0	0	182739	349456	6007	0	0	0.477706909
31192	545	50	1	0	30067	30068	0	0	0	0.475952148
30534	690	50	0	1	1110747	1176348	5691	0	0	0.465911865
32054	800	51	0	0	258241	489877	33728	0	0	0.489105225
31752	20	48	0	1	862835	1216342	5232	0	0	0.48449707
30655	561	50	1	0	30953	30955	0	384	0	0.467758179
32111	90	50	0	1	1138082	1174062	1564	0	0	0.489974976
31683	108	51	0	0	176579	323726	1265	0	0	0.483444214
31880	36	50	0	0	145335	377270	4799	0	0	0.486450195
31572	71	48	0	1	774171	988726	4648	0	0	0.481750488
31408	567	50	1	0	31037	31039	0	384	267	0.479248047
32108	757	50	0	1	1094090	1292758	32108	0	0	0.489929199
32109	824	50	0	0	579232	579233	32109	0	0	0.489944458
24332	581	49	1	1	246643	383049	0	24332	20469	0.371276855
31301	152	50	0	0	141051	281219	338	0	0	0.477615356
31105	129	50	0	0	191868	316998	2317	0	0	0.474624634
31300	147	50	0	0	193699	349251	2569	0	0	0.477600098
30659	854	50	0	0	178453	532958	8268	0	0	0.467819214
30597	585	48	1	1	215937	535946	0	30598	26735	0.466873169
32118	33	50	0	0	221635	343179	9326	0	0	0.490081787
30708	162	50	0	0	148205	286515	2358	0	0	0.468566895
31243	130	50	0	0	174846	495032	6192	0	0	0.476730347
31585	194	48	0	1	925843	0	349	0	0	0.481948853
32111	866	47	0	1	835739	2163897	32111	0	0	0.489974976
14132	592	50	1	0	25339	25339	0	384	291	0.215637207
31664	181	50	0	1	1048420	1104881	3777	0	0	0.483154297
31886	199	51	0	0	493697	653362	1104	0	0	0.486541748
31934	116	50	0	0	167611	511069	8187	0	0	0.48727417
31384	186	48	0	1	1015597	1258117	3137	0	0	0.478881836
25849	607	50	1	0	27625	27625	0	0	0	0.394424438
31597	150	50	0	1	1089061	1160230	6147	0	0	0.482131958
31877	211	51	0	0	168871	281973	2105	0	0	0.486404419
31068	227	50	0	0	136702	278778	711	0	0	0.474060059
32054	75	50	0	0	154010	525395	15500	0	0	0.489105225
31523	177	48	0	1	935977	0	6520	0	0	0.481002808
31736	185	47	0	1	840369	2100430	6484	0	0	0.48425293
18044	632	50	1	0	21178	21179	0	0	0	0.27532959
31400	220	50	0	1	974603	1053827	3364	0	0	0.479125977
32084	225	51	0	0	147962	193879	3897	0	0	0.489562988
31351	245	50	0	0	159865	362066	827	0	0	0.478378296
32086	187	48	0	1	860598	1102042	6716	0	0	0.489593506
28520	670	50	1	0	20353	20354	0	0	0	0.435180664
31365	196	50	0	1	1016389	1082957	5838	0	0	0.478591919
31694	262	51	0	0	226955	395624	2126	0	0	0.483612061
31509	253	50	0	0	168580	501329	2503	0	0	0.480789185
32671	146	48	0	1	913678	0	32671	0	0	0.498519897
32678	249	47	0	1	760327	2133461	32678	0	0	0.498626709
5964	703	50	1	0	12514	12515	0	0	0	0.091003418
31873	251	50	0	1	831250	889194	4573	0	0	0.486343384
32608	231	51	0	0	203184	409324	8503	0	0	0.497558594
31060	279	48	0	1	949986	1219522	3593	0	0	0.473937988
26852	775	50	1	0	29124	29126	0	384	156	0.409729004
31223	308	50	0	1	939594	974890	1127	0	0	0.476425171
31333	313	51	0	0	136274	301411	998	0	0	0.478103638
31328	272	50	0	0	190917	348701	6556	0	0	0.478027344
31558	289	50	0	0	200125	396728	5002	0	0	0.481536865
31633	291	48	0	1	988940	1277879	4073	0	0	0.482681274
28314	882	50	1	0	22771	22773	0	0	0	0.432037354
31966	300	50	0	1	1157893	1227689	4832	0	0	0.487762451
31731	333	51	0	0	175615	280810	43	0	0	0.484176636
32124	320	50	0	0	149459	430334	4191	0	0	0.49017334
32006	321	48	0	1	940874	1154798	3922	0	0	0.488372803
28942	775	50	1	0	37866	37867	0	768	342	0.441619873
32123	748	50	0	1	1124663	1311900	32123	0	0	0.490158081
32638	382	51	0	0	155407	287909	63	0	0	0.498016357
32040	392	50	0	0	293071	441664	365	0	0	0.488891602
32032	237	50	0	0	204339	333753	12104	0	0	0.488769531
23005	882	50	1	0	22460	22461	0	0	0	0.351028442
31985	338	50	0	1	1083921	1156692	3976	0	0	0.488052368
32586	360	51	0	0	124565	135878	2417	0	0	0.4972229
32055	387	50	0	0	134156	301733	1553	0	0	0.489120483
32141	369	50	0	0	145534	302551	3620	0	0	0.490432739
30232	775	50	1	0	34179	34180	0	384	339	0.461303711
32584	472	50	0	1	1246220	1453308	32584	0	0	0.497192383
32585	526	51	0	0	278963	416347	44978	0	0	0.497207642
17668	882	50	1	0	32191	32192	0	384	0	0.269592285
31832	394	50	0	1	1003791	1047437	2372	0	0	0.485717773
32438	315	51	0	0	172188	235652	9002	0	0	0.4949646
31578	358	50	0	0	191747	502228	6320	0	0	0.481842041
31559	404	48	0	1	938587	1199662	4424	0	0	0.481552124
26217	775	50	1	0	36814	36816	0	0	0	0.400039673
31896	426	50	0	1	1092639	1144264	2353	0	0	0.486694336
32679	407	51	0	0	178440	307851	5447	0	0	0.498641968
32023	416	50	0	0	167962	529967	4209	0	0	0.488632202
31624	424	48	0	1	955846	1201933	3791	0	0	0.482543945
29119	882	50	1	0	29460	29461	0	0	0	0.444320679
31791	437	50	0	1	1089624	1114586	881	0	0	0.485092163
32761	34	51	0	0	271609	298692	33879	0	0	0.499893188
32065	435	50	0	0	199000	360742	2328	0	0	0.489273071
31969	775	50	1	0	27966	27968	0	0	0	0.487808228
31927	327	50	0	1	1009598	1102498	10400	0	0	0.487167358
32215	374	51	0	0	232426	487569	9124	0	0	0.49156189
31379	425	48	0	1	1025020	1350715	5854	0	0	0.478805542
28540	882	50	1	0	35700	35701	0	384	0	0.43548584
30905	445	50	0	1	1154300	1182376	705	0	0	0.471572876
32201	434	51	0	0	164910	251368	4653	0	0	0.491348267
32111	462	50	0	0	187711	325642	2859	0	0	0.489974976
31693	486	49	0	1	819497	850858	36	0	0	0.483596802
32530	457	50	0	0	244042	476585	5689	0	0	0.496368408
30157	775	50	1	0	32153	32154	0	384	293	0.460159302
32113	442	50	0	1	1338963	1411472	5382	0	0	0.490005493
32564	428	51	0	0	190382	321835	7678	0	0	0.496887207
32322	439	50	0	0	214043	647824	7293	0	0	0.49319458
31332	882	48	1	1	277327	631382	0	31332	27469	0.478088379
31866	465	50	0	0	392212	702106	3814	0	0	0.486236572
31999	481	50	0	0	161737	466758	2981	0	0	0.488265991
30839	504	50	0	0	226144	394362	80	0	0	0.470565796
31446	491	50	0	0	184003	607634	2337	0	0	0.479827881
31559	479	48	0	1	1045987	1313389	4744	0	0	0.481552124
28709	775	50	1	0	40679	40680	0	0	0	0.438064575
31437	520	50	0	1	1300564	1355378	598	0	0	0.479690552
31783	482	51	0	0	445850	741999	5146	0	0	0.484970093
31039	458	50	0	0	455764	633110	6209	0	0	0.473617554
31519	492	48	0	1	1307550	1857388	4488	0	0	0.480941772
27586	882	50	1	0	29831	29832	0	384	272	0.420928955
31904	506	50	0	1	1067357	1136372	3685	0	0	0.486816406
31707	533	51	0	0	115868	142791	1472	0	0	0.483810425
31681	542	50	0	0	207379	491642	2632	0	0	0.483413696
31206	551	48	0	1	1001049	1256159	629	0	0	0.476165771
32086	546	50	0	0	191569	338404	2743	0	0	0.489593506
29756	775	50	1	0	32436	32437	0	384	355	0.454040527
31361	559	50	0	1	1099984	1148947	1189	0	0	0.478530884
31697	494	51	0	0	205686	340874	6865	0	0	0.483657837
30744	548	50	0	0	155052	306491	4032	0	0	0.469116211
31693	515	49	0	0	677040	0	6316	0	0	0.483596802
32744	527	48	0	1	805399	1715808	32744	0	0	0.499633789
11714	882	50	1	0	17336	17337	0	0	0	0.178741455
32124	790	50	0	1	930799	1119783	32124	0	0	0.49017334
32525	535	50	0	0	160749	253781	7165	0	0	0.496292114
31311	775	50	1	0	21800	21802	0	0	0	0.477767944
31772	579	50	0	1	979097	1017346	1280	0	0	0.484802246
32217	566	51	0	0	105489	118498	3356	0	0	0.491592407
32462	857	50	0	0	534086	534087	32462	0	0	0.495330811
21140	790	49	1	1	263336	420714	0	21140	17277	0.322570801
31800	584	50	0	0	180877	322909	2329	0	0	0.485229492
31612	569	50	0	0	203149	354107	5192	0	0	0.48236084
31494	562	50	0	0	160557	502009	6424	0	0	0.480560303
31404	578	48	0	1	758763	0	4473	0	0	0.479187012
32752	529	47	0	1	756672	1895008	32752	0	0	0.499755859
12483	882	50	1	0	19228	19229	0	384	227	0.190475464
31898	604	50	0	1	895735	931894	257	0	0	0.486724854
32128	550	51	0	0	201170	226502	7848	0	0	0.490234375
31451	576	50	0	0	151496	494981	5808	0	0	0.479904175
31597	586	48	0	1	878822	1094894	4848	0	0	0.482131958
27340	857	50	1	0	29030	29030	0	384	304	0.417175293
31941	591	50	0	1	1044853	1101875	3589	0	0	0.487380981
32456	589	51	0	0	160751	258463	5764	0	0	0.495239258
31300	583	50	0	0	131498	323554	12480	0	0	0.477600098
32121	597	49	0	1	766083	0	3508	0	0	0.490127563
32100	642	48	0	1	735547	1582437	1771	0	0	0.489807129
26954	882	50	1	0	30055	30055	0	384	310	0.4112854
32298	596	50	0	1	1085998	1151934	6292	0	0	0.492828369
32764	602	51	0	0	481492	481492	32764	0	0	0.499938965
28919	857	49	1	1	299918	444217	0	28919	25056	0.441268921
31334	608	50	0	0	191871	354205	4811	0	0	0.478118896
30747	643	50	0	0	188883	361955	1170	0	0	0.469161987
30828	628	50	0	0	185538	402302	2753	0	0	0.470397949
30812	662	48	0	1	851575	1094380	1661	0	0	0.470153809
30372	664	50	0	0	164691	336173	347	0	0	0.463439941
31487	610	50	0	0	179474	338646	5628	0	0	0.480453491
27046	882	50	1	0	143639	280553	0	18646	18560	0.412689209
31794	688	50	0	0	183026	347133	3235	0	0	0.485137939
31525	690	50	0	0	123394	251152	1188	0	0	0.481033325
31953	660	50	0	0	190579	487210	6938	0	0	0.487564087
31445	620	48	0	1	856586	1128191	6319	0	0	0.479812622
25875	857	50	1	0	22507	22508	0	0	0	0.394821167
31621	679	50	0	1	937624	1000046	4689	0	0	0.482498169
31678	713	51	0	0	174194	307244	2944	0	0	0.48336792
31368	757	50	0	0	161793	410593	1411	0	0	0.478637695
31619	866	48	0	1	851181	1068065	464	0	0	0.482467651
32627	20	50	0	0	208397	352100	323	0	0	0.497848511
31643	882	50	1	0	30400	30401	0	0	0	0.482833862
32664	19	50	0	1	1003369	1050435	1485	0	0	0.498413086
32724	459	51	0	0	428246	428246	32724	0	0	0.499328613
29013	857	49	1	1	314963	474222	0	29013	25150	0.442703247
32038	24	50	0	0	172939	347920	1814	0	0	0.488861084
31286	689	50	0	0	208617	385663	13238	0	0	0.477386475
30963	884	50	0	0	134779	301260	3312	0	0	0.472457886
31877	733	50	0	0	187897	387275	6491	0	0	0.486404419
31285	824	48	0	1	804993	1061588	4056	0	0	0.477371216
26763	866	50	1	0	27937	27938	0	0	0	0.408370972
31995	728	50	0	1	1001399	1083623	7359	0	0	0.488204956
32304	36	51	0	0	202353	430127	1433	0	0	0.492919922
31328	39	50	0	0	310790	526392	403	0	0	0.478027344
31637	71	48	0	1	1016600	1377910	561	0	0	0.48274231
31735	854	50	0	0	168983	309465	5507	0	0	0.484237671
28230	882	50	1	0	28344	28344	0	0	0	0.430755615
31993	6	50	0	1	1117658	1191293	6930	0	0	0.488174438
31550	108	51	0	0	192133	356439	223	0	0	0.481414795
31451	800	50	0	0	196384	586042	7665	0	0	0.479904175
31353	884	48	1	1	255051	598927	0	31353	27490	0.478408813
32141	33	50	0	0	169499	255755	5726	0	0	0.490432739
32212	881	50	0	0	206926	406055	52758	0	0	0.491516113
33218	16	49	0	1	878332	1060194	33218	0	0	0.506866455
13692	882	50	1	0	23154	23156	0	384	0	0.20892334
32315	37	50	0	1	1004811	1075244	6901	0	0	0.493087769
33140	32	51	0	0	188636	362593	8217	0	0	0.50567627
32567	116	50	0	0	202494	384820	6646	0	0	0.496932983
31241	884	50	1	0	36128	36129	0	768	0	0.476699829
32297	130	50	0	1	1265375	1316081	3529	0	0	0.49281311
32341	150	51	0	0	147560	252762	1408	0	0	0.493484497
31386	90	50	0	0	179768	517586	5830	0	0	0.478912354
32611	147	48	0	1	963813	1215905	4971	0	0	0.49760437
29868	882	50	1	0	31175	31176	0	384	0	0.455749512
32558	152	50	0	1	1221506	1280800	3783	0	0	0.496795654
32526	181	51	0	0	149217	305116	1736	0	0	0.496307373
31629	129	50	0	0	219320	638985	5698	0	0	0.482620239
31865	75	48	0	1	1061279	1400174	8241	0	0	0.486221313
24632	884	50	1	0	27964	27964	0	384	314	0.375854492
31830	146	50	0	1	1198958	1270472	6266	0	0	0.485687256
32028	177	51	0	0	178446	306035	3965	0	0	0.488708496
30420	185	50	0	0	154795	614461	1117	0	0	0.464172363
31771	186	48	0	1	1065829	1292947	4164	0	0	0.484786987
29908	882	50	1	0	33601	33601	0	384	161	0.456359863
31789	196	50	0	1	1285037	1325186	1359	0	0	0.485061646
31986	222	51	0	0	181657	340047	755	0	0	0.488067627
31912	162	50	0	0	213454	361891	8892	0	0	0.486938477
31500	199	49	0	1	814261	0	2383	0	0	0.480651855
31631	225	48	0	1	833913	1729728	1816	0	0	0.482650757
30876	884	50	1	0	32313	32315	0	384	310	0.471130371
32584	220	50	0	1	1200558	1251354	3255	0	0	0.497192383
33119	49	51	0	0	495672	495673	33119	0	0	0.505355835
31424	187	49	0	1	941872	1001569	5605	0	0	0.479492188
27661	882	50	1	0	25471	25472	0	0	0	0.422073364
31467	249	50	0	1	1088560	1115564	209	0	0	0.480148315
32114	194	51	0	0	161943	233772	6596	0	0	0.490020752
31373	231	50	0	0	179974	486134	2845	0	0	0.478713989
31227	251	48	0	1	962647	1197254	540	0	0	0.476486206
32550	227	50	0	0	203339	375481	7424	0	0	0.496673584
27301	884	50	1	0	25715	25716	0	0	0	0.4165802
32520	245	50	0	1	1304408	1474387	4789	0	0	0.49621582
32635	253	50	0	0	283983	422264	4330	0	0	0.497970581
32345	289	50	0	0	150409	522660	1114	0	0	0.493545532
32153	262	48	0	1	1035795	1264233	4307	0	0	0.490615845
29122	882	50	1	0	39273	39273	0	0	0	0.444366455
32400	313	50	0	1	1108410	1145881	123	0	0	0.494384766
32753	641	51	0	0	529081	529082	32753	0	0	0.499771118
31708	211	49	0	1	1067364	1143209	8219	0	0	0.483825684
26992	884	50	1	0	34645	34645	0	768	0	0.411865234
32056	291	50	0	1	1038706	1106673	3540	0	0	0.489135742
32467	272	51	0	0	175594	263363	5366	0	0	0.495407104
32072	327	50	0	0	131277	384201	423	0	0	0.489379883
32026	237	48	0	1	924079	0	8483	0	0	0.488677979
31869	315	47	0	1	769499	0	3227	0	0	0.486282349
32077	320	46	0	1	782036	2751357	2503	0	0	0.489456177
22769	882	50	1	0	23760	23761	0	0	0	0.347427368
32146	279	50	0	1	957082	1026533	6478	0	0	0.490509033
32707	338	51	0	0	178257	320206	3043	0	0	0.499069214
31936	300	50	0	0	203622	411137	6294	0	0	0.487304688
32083	308	48	0	1	928171	1201262	5781	0	0	0.489547729
26544	641	50	1	0	37308	37309	0	0	0	0.405029297
31956	333	50	0	1	1040727	1087359	3443	0	0	0.487609863
32404	358	51	0	0	164629	246280	3951	0	0	0.494445801
32444	321	50	0	0	185743	443189	6917	0	0	0.495056152
30987	882	48	1	1	238934	569979	0	30987	27124	0.472824097
32538	392	50	0	0	157704	308012	755	0	0	0.496490479
32730	615	50	0	0	224547	378346	49066	0	0	0.499420166
32671	742	49	0	1	759542	941248	32671	0	0	0.498519897
16516	641	50	1	0	26161	26163	0	384	0	0.25201416
33507	0	50	0	1	950505	1129656	33507	0	0	0.511276245
33107	132	50	0	0	255631	310319	38462	0	0	0.505172729
19000	882	50	1	0	33699	33699	0	384	0	0.289916992
32015	382	50	0	1	1084844	1135292	3072	0	0	0.488510132
32535	387	51	0	0	162762	276295	4393	0	0	0.496444702
32012	394	50	0	0	162469	389480	3385	0	0	0.488464355
31981	416	48	0	1	868187	1096668	2794	0	0	0.487991333
28408	742	50	1	0	35383	35383	0	384	287	0.43347168
31879	426	50	0	1	1250808	1300538	54	0	0	0.486434937
32315	369	51	0	0	213664	357497	6711	0	0	0.493087769
32296	360	50	0	0	305103	397777	7759	0	0	0.492797852
31645	374	49	0	1	1019922	1092089	6241	0	0	0.48286438
31713	407	49	0	1	826517	880100	3751	0	0	0.483901978
