n_blks	n_rema	sec_no	n_free	sectyp	n_node	seclat	totlat	gc_type	cold	
30262	0	667	48	0	0	809359	0	1	0	0.461761475
30915	0	687	48	0	0	709717	1551446	1	0	0.471725464
31941	0	13	50	0	0	173092	325078	0	0	0.487380981
31751	0	681	50	0	0	211375	450268	0	24110	0.484481812
15240	0	826	50	1	0	19322	19323	0	0	0.232543945
31157	0	714	50	0	0	1078550	1124470	1	0	0.475418091
30634	0	7	49	0	0	1010144	1034224	1	0	0.467437744
31487	0	719	49	0	0	926609	0	1	31487	0.480453491
30877	0	768	48	0	0	789404	1918739	1	0	0.47114563
15334	0	883	50	1	0	21091	21091	0	0	0.233978271
30734	0	799	50	0	0	942063	973848	1	0	0.468963623
31614	0	20	51	0	0	201600	340479	0	0	0.482391357
31099	0	18	50	0	0	163599	327011	0	0	0.474533081
31271	0	22	50	0	0	189171	345067	0	0	0.477157593
31352	0	30	50	0	0	145371	278463	0	0	0.478393555
31667	0	40	49	0	0	847804	888550	0	0	0.483200073
31683	0	44	50	0	0	240042	407499	0	0	0.483444214
27243	0	826	50	1	0	32805	32805	0	0	0.41569519
31267	0	51	50	0	0	1054719	1071559	1	0	0.477096558
31733	0	59	51	0	0	108068	190152	0	0	0.484207153
31606	0	72	50	0	0	125369	225811	0	0	0.482269287
31506	0	80	50	0	0	149515	273734	0	0	0.480743408
31230	0	100	50	0	0	187950	598321	0	0	0.476531982
31234	0	102	48	0	0	1072497	1302717	1	0	0.476593018
31463	0	112	50	0	0	178159	337196	0	0	0.48008728
31611	0	128	50	0	0	149490	300038	0	0	0.482345581
28055	0	883	50	1	0	39163	39163	0	0	0.428085327
31049	0	132	50	0	0	966972	995681	1	0	0.473770142
31680	0	155	51	0	0	172090	326543	0	0	0.483398438
31725	0	157	50	0	0	196890	366547	0	0	0.484085083
31731	0	162	50	0	0	214514	568880	0	0	0.484176636
31524	0	174	48	0	0	951036	1204820	1	0	0.481018066
31862	0	192	50	0	0	157798	321201	0	0	0.486175537
31933	0	688	50	0	0	247825	275731	0	1278	0.487258911
12534	0	826	50	1	0	19785	19785	0	0	0.191253662
31481	0	745	50	0	0	896816	1076806	1	31481	0.480361938
31232	0	883	49	1	31231	122931	279211	0	0	0.4765625
31565	0	194	50	0	0	152935	288675	0	0	0.481643677
31259	0	202	50	0	0	312939	396708	0	0	0.476974487
31077	0	206	50	0	0	113373	229299	0	0	0.474197388
31713	0	212	50	0	0	128909	212579	0	0	0.483901978
31432	0	225	50	0	0	152773	491942	0	0	0.479614258
30987	0	214	48	0	0	931371	1127043	1	0	0.472824097
28631	0	826	49	1	28631	182919	319638	1	0	0.43687439
30927	0	236	50	0	0	150133	292711	0	0	0.471908569
31553	0	246	50	0	0	146864	276387	0	0	0.481460571
31044	0	242	50	0	0	215268	370674	0	0	0.473693848
30887	0	247	50	0	0	204957	360427	0	0	0.471298218
31005	0	267	49	0	0	753431	801707	0	0	0.473098755
31128	0	276	50	0	0	197833	474976	0	0	0.474975586
31473	0	867	48	0	0	987688	1400240	1	31473	0.480239868
12962	0	883	50	1	0	20328	20330	0	0	0.197784424
31285	0	274	50	0	0	1053887	1085643	1	0	0.477371216
31866	0	285	51	0	0	119403	215042	0	0	0.486236572
31755	0	286	50	0	0	202792	341055	0	0	0.484542847
31724	0	291	50	0	0	225153	424927	0	0	0.484069824
31993	0	293	48	0	0	1034448	1294118	1	0	0.488174438
31629	0	298	50	0	0	202496	369831	0	0	0.482620239
31826	0	315	50	0	0	206150	341056	0	0	0.485626221
27745	0	826	50	1	0	31281	31283	0	0	0.423355103
31432	0	321	50	0	0	996947	1031951	1	0	0.479614258
31624	0	328	51	0	0	208679	369208	0	0	0.482543945
31401	0	329	50	0	0	300554	458969	0	0	0.479141235
31541	0	334	50	0	0	153654	306507	0	0	0.481277466
31804	0	343	49	0	0	736858	768431	1	0	0.485290527
31882	0	349	50	0	0	177450	325685	0	0	0.486480713
31538	0	705	50	0	0	220724	232845	0	1109	0.481231689
13325	0	867	50	1	0	16789	16789	0	0	0.203323364
31481	0	814	50	0	0	926037	1105318	1	31481	0.480361938
31904	0	355	49	0	0	144262	297242	0	0	0.486816406
29235	0	883	50	1	0	30800	30801	0	0	0.446090698
31733	0	364	50	0	0	1067218	1096219	1	0	0.484207153
31587	0	373	51	0	0	160574	271898	0	0	0.48197937
30953	0	376	50	0	0	138965	267709	0	0	0.472305298
31159	0	379	50	0	0	146598	263931	0	0	0.475448608
31009	0	386	49	0	0	785123	805569	1	0	0.47315979
31644	0	390	50	0	0	260251	427728	0	0	0.482849121
31832	0	392	50	0	0	180671	332933	0	0	0.485717773
29904	0	867	50	1	0	31675	31675	0	0	0.456298828
31411	0	408	50	0	0	1064300	1092094	1	0	0.479293823
31790	0	407	51	0	0	356092	356092	0	0	0.485076904
31546	0	421	50	0	0	871606	896458	1	0	0.48135376
31586	0	429	51	0	0	116780	452967	0	0	0.481964111
31713	0	435	48	0	0	749932	0	1	0	0.483901978
31517	0	438	47	0	0	759697	1667914	1	0	0.480911255
32078	0	376	50	1	0	28878	28879	0	0	0.489471436
31753	0	447	50	0	0	1115641	1131341	1	0	0.484512329
31772	0	453	51	0	0	188131	325757	0	0	0.484802246
31169	0	457	50	0	0	148696	312093	0	0	0.475601196
31463	0	459	50	0	0	137641	331402	0	0	0.48008728
31356	0	464	50	0	0	198634	593279	0	0	0.47845459
31483	0	467	48	0	0	1028345	1269930	1	0	0.480392456
31483	0	875	50	0	0	223697	355898	0	11963	0.480392456
13483	0	379	50	1	0	18079	18079	0	0	0.205734253
32106	0	15	50	0	0	1131703	1329873	1	32106	0.489898682
32116	0	416	49	0	0	157350	481158	0	32116	0.49005127
16128	0	386	50	1	0	20546	20547	0	0	0.24609375
31649	0	468	50	0	0	1166576	1182334	1	0	0.482925415
31251	0	473	49	0	0	1040422	1064118	1	0	0.476852417
31682	0	477	50	0	0	290186	478893	0	0	0.483428955
31462	0	484	50	0	0	317247	560712	0	0	0.480072021
31038	0	486	50	0	0	350253	664399	0	0	0.473602295
31313	0	482	48	0	0	1059821	1455493	1	0	0.477798462
29160	0	390	49	1	29160	219682	364009	1	0	0.444946289
31162	0	489	50	0	0	423587	786707	0	0	0.475494385
30823	0	493	50	0	0	355277	717608	0	0	0.470321655
30792	0	496	50	0	0	489066	871842	0	0	0.469848633
30854	0	497	49	0	0	837616	882804	0	0	0.470794678
31418	0	501	50	0	0	400725	724560	0	0	0.479400635
31356	0	504	50	0	0	434771	779055	0	0	0.47845459
31432	0	500	50	0	0	554779	928226	0	0	0.479614258
31369	0	392	50	1	0	32971	32971	0	0	0.478652954
31482	0	774	50	0	0	1712709	2164815	1	31482	0.480377197
31460	0	804	49	0	0	142351	788365	0	31460	0.480041504
16470	0	407	50	1	0	26195	26195	0	0	0.251312256
31211	0	505	50	0	0	1257388	1292518	1	0	0.476242065
31272	0	506	51	0	0	222175	648399	0	0	0.477172852
31478	0	755	50	0	0	897091	1357545	0	31245	0.480316162
24183	0	408	49	1	24182	257855	532603	0	0	0.369003296
31436	0	831	50	0	0	611126	611126	0	31436	0.479675293
31443	0	515	50	0	0	1343708	1430190	1	0	0.479782104
31407	0	520	51	0	0	349991	492614	0	0	0.479232788
31408	0	510	50	0	0	1005215	1236637	0	0	0.479248047
31106	0	416	50	1	0	31451	31452	0	0	0.474639893
31119	0	512	50	0	0	1196417	1232495	1	0	0.474838257
30833	0	521	51	0	0	196652	339524	0	0	0.470474243
29822	0	511	50	0	0	185705	333276	0	0	0.455047607
30672	0	522	50	0	0	704046	450739	0	0	0.468017578
30585	0	525	48	0	0	1136673	1877760	1	0	0.466690063
30877	0	526	50	0	0	751844	854189	0	0	0.47114563
31340	0	529	50	0	0	185065	347967	0	0	0.478210449
30645	0	421	50	1	0	38650	38651	0	0	0.467605591
31014	0	531	50	0	0	1500196	1551693	1	0	0.473236084
30209	0	534	51	0	0	208779	360188	0	0	0.460952759
30332	0	536	50	0	0	392470	546595	0	0	0.46282959
30444	0	539	50	0	0	499157	482956	0	0	0.464538574
30573	0	542	48	0	0	1778060	2353743	1	0	0.466506958
30521	0	543	50	0	0	598054	1167726	0	0	0.465713501
30756	0	544	50	0	0	647975	1202555	0	0	0.469299316
28839	0	429	50	1	0	28785	28786	0	0	0.440048218
30535	0	547	50	0	0	1864312	1895388	1	0	0.465927124
30446	0	548	51	0	0	462138	1086661	0	0	0.464569092
30139	0	552	50	0	0	694438	1282542	0	0	0.459884644
30636	0	553	50	0	0	733219	1383422	0	0	0.467468262
30487	0	557	49	0	0	312037	1040255	0	0	0.465194702
30576	0	561	50	0	0	1582965	1922785	0	0	0.466552734
31073	0	435	50	1	0	28670	28671	0	0	0.474136353
30961	0	562	50	0	0	1786557	1808501	1	0	0.472427368
31426	0	785	51	0	0	1273875	1273876	0	31426	0.479522705
30882	0	564	49	0	0	1432495	1445462	1	0	0.471221924
31395	0	575	50	0	0	171296	318639	0	0	0.479049683
27982	0	438	50	1	0	29648	29648	0	0	0.426971436
30450	0	574	50	0	0	2334294	2378888	1	0	0.464630127
30947	0	579	50	0	0	483962	1149227	0	0	0.472213745
31334	0	583	50	0	0	557853	1159709	0	0	0.478118896
30871	0	585	50	0	0	502107	1247307	0	0	0.471054077
30881	0	593	50	0	0	660871	1176556	0	0	0.471206665
30932	0	588	49	0	0	1203825	1274204	1	0	0.471984863
31244	0	595	50	0	0	365199	1077835	0	0	0.476745605
31388	0	597	50	0	0	174175	688054	0	0	0.478942871
29430	0	447	50	1	0	32148	32149	0	0	0.449066162
31477	0	601	50	0	0	1260054	1300064	1	0	0.480300903
31401	0	843	51	0	0	697830	697832	0	31401	0.479141235
27827	0	477	49	1	27827	317325	475707	1	0	0.424606323
30950	0	607	50	0	0	197429	370476	0	0	0.472259521
31468	0	618	50	0	0	147912	369211	0	0	0.480163574
31445	0	629	50	0	0	303878	537239	0	0	0.479812622
31306	0	632	50	0	0	494077	926848	0	0	0.47769165
30798	0	641	50	0	0	386994	932792	0	0	0.469940186
30750	0	656	50	0	0	647040	508041	0	0	0.469207764
30930	0	665	48	0	0	1380102	2175595	1	0	0.471954346
30982	0	667	50	0	0	737263	1378063	0	0	0.472747803
25581	0	496	50	1	0	136994	136996	0	0	0.390335083
31306	0	681	50	0	0	2070868	2177153	1	0	0.47769165
31125	0	714	51	0	0	241289	334186	0	0	0.47492981
31140	0	688	50	0	0	119366	214894	0	0	0.475158691
30674	0	719	50	0	0	412847	473164	0	0	0.468048096
30471	0	745	48	0	0	1696213	2246887	1	0	0.464950562
31320	0	768	50	0	0	851414	1349851	0	0	0.477905273
28304	0	506	50	1	0	337460	337460	0	0	0.431884766
31095	0	814	50	0	0	2327122	2359811	1	0	0.474472046
31311	0	826	51	0	0	378362	541358	0	0	0.477767944
31189	0	7	50	0	0	635753	795128	0	0	0.475906372
31296	0	13	50	0	0	213556	510231	0	0	0.477539063
30886	0	18	48	0	0	1270254	1637245	1	0	0.471282959
30497	0	799	49	0	0	1044071	0	1	0	0.46534729
31304	0	856	48	0	0	837726	2096382	1	31304	0.477661133
15043	0	525	50	1	0	18705	18705	0	0	0.229537964
31089	0	20	50	0	0	1326660	1391226	1	0	0.474380493
31259	0	22	51	0	0	160719	283490	0	0	0.476974487
29981	0	883	50	0	0	111178	181641	0	0	0.457473755
31325	0	30	50	0	0	162267	461351	0	0	0.477981567
31230	0	40	48	0	0	992147	1188988	1	0	0.476531982
31108	0	44	50	0	0	210571	375633	0	0	0.47467041
25319	0	542	50	1	0	25269	25271	0	0	0.38633728
30875	0	51	50	0	0	1024237	1062192	1	0	0.471115112
31020	0	59	50	0	0	317423	478748	0	0	0.473327637
30914	0	72	50	0	0	178976	344011	0	0	0.471710205
30700	0	80	50	0	0	193886	341209	0	0	0.468444824
31014	0	100	50	0	0	157356	298516	0	0	0.473236084
31059	0	102	49	0	0	132509	291004	0	0	0.473922729
31186	0	112	50	0	0	765515	903216	0	0	0.475860596
31071	0	553	50	1	0	24805	24807	0	0	0.474105835
31063	0	128	50	0	0	999854	1020592	1	0	0.473983765
32057	0	150	51	0	0	569704	569706	0	32057	0.489151001
31308	0	132	49	0	0	1037419	1054397	1	0	0.477722168
30664	0	583	50	1	0	29446	29446	0	0	0.467895508
31476	0	863	50	0	0	1115858	1292454	1	31476	0.480285645
31650	0	155	50	0	0	174258	346950	0	0	0.482940674
31391	0	174	48	0	0	840426	1048408	1	0	0.478988647
31426	0	192	50	0	0	243430	401036	0	0	0.479522705
27056	0	597	50	1	0	142887	142888	0	0	0.412841797
31287	0	157	50	0	0	1087492	1106404	1	0	0.477401733
31363	0	194	51	0	0	156337	289368	0	0	0.478561401
30515	0	162	50	0	0	164716	310930	0	0	0.465621948
30942	0	202	50	0	0	144546	248186	0	0	0.472137451
31355	0	206	49	0	0	743440	772077	1	0	0.478439331
31535	0	212	50	0	0	154015	317917	0	0	0.481185913
32092	0	214	50	0	0	120116	263596	0	0	0.489685059
30547	0	618	50	1	0	46518	46518	0	0	0.466110229
31601	0	225	50	0	0	1079317	1114825	1	0	0.482192993
31710	0	236	50	0	0	92394	175883	0	0	0.483856201
31967	0	270	50	0	0	432406	432407	0	31967	0.48777771
22810	0	681	49	1	22810	268142	392426	1	0	0.348052979
30983	0	242	50	0	0	215547	348683	0	0	0.472763062
31354	0	247	50	0	0	202527	345711	0	0	0.478424072
31668	0	267	50	0	0	146920	285663	0	0	0.483215332
31529	0	276	50	0	0	122894	242242	0	0	0.48109436
31698	0	286	49	0	0	715777	742851	0	0	0.483673096
31805	0	291	50	0	0	247033	450756	0	0	0.485305786
32110	0	298	48	0	0	870719	1153431	1	0	0.489959717
31928	0	461	50	0	0	772189	1134043	0	31696	0.487182617
11184	0	768	50	1	0	17705	17707	0	0	0.170654297
30990	0	293	50	0	0	888063	919150	1	0	0.472869873
31480	0	818	51	0	0	426355	426355	0	31480	0.48034668
27042	0	814	49	1	27042	310581	460403	1	0	0.412628174
31912	0	315	50	0	0	172985	318851	0	0	0.486938477
31702	0	321	50	0	0	271703	430290	0	0	0.483734131
31846	0	328	50	0	0	153082	320766	0	0	0.485931396
31519	0	329	50	0	0	144001	268449	0	0	0.480941772
31341	0	334	50	0	0	172173	389689	0	0	0.478225708
31180	0	343	48	0	0	828104	1038893	1	0	0.475769043
31758	0	349	50	0	0	208430	342238	0	0	0.484588623
26116	0	863	50	1	0	26111	26112	0	0	0.398498535
31746	0	355	50	0	0	1110373	1126605	1	0	0.484405518
31679	0	364	51	0	0	144239	253751	0	0	0.483383179
31295	0	373	50	0	0	124389	280476	0	0	0.477523804
31009	0	376	50	0	0	124608	218903	0	0	0.47315979
31416	0	379	49	0	0	742657	777511	0	0	0.479370117
31695	0	386	50	0	0	235524	389066	0	0	0.483627319
28013	0	818	50	1	0	33669	33670	0	0	0.427444458
31499	0	390	50	0	0	1029946	1057611	1	0	0.480636597
31618	0	407	51	0	0	119548	277195	0	0	0.482452393
31696	0	408	50	0	0	228615	386931	0	0	0.483642578
31968	0	416	50	0	0	297336	461761	0	0	0.487792969
32006	0	421	50	0	0	227120	370483	0	0	0.488372803
31473	0	435	49	0	0	829475	846489	1	0	0.480239868
31695	0	429	50	0	0	162957	300852	0	0	0.483627319
32006	0	487	50	0	0	263043	296886	0	1707	0.488372803
13155	0	863	50	1	0	10923	10924	0	0	0.20072937
31774	0	453	50	0	0	908810	933099	1	0	0.484832764
31756	0	467	51	0	0	219573	367964	0	0	0.484558105
31115	0	459	50	0	0	194579	531160	0	0	0.474777222
31149	0	464	48	0	0	925865	1155643	1	0	0.475296021
31664	0	468	49	0	0	757351	0	1	0	0.483154297
31582	0	473	48	0	0	697559	1497615	1	0	0.481903076
31834	0	482	50	0	0	178897	334471	0	0	0.485748291
32022	0	484	50	0	0	128470	285664	0	0	0.488616943
27961	0	818	50	1	0	28963	28964	0	0	0.426651001
31963	0	486	50	0	0	1119318	1152752	1	0	0.487716675
31736	0	488	51	0	0	435205	435205	0	31736	0.48425293
22117	0	863	49	1	22117	270409	405820	1	0	0.337478638
31238	0	489	50	0	0	164480	312539	0	0	0.476654053
31242	0	497	50	0	0	188472	349430	0	0	0.476715088
31109	0	500	50	0	0	128045	286570	0	0	0.474685669
30963	0	501	50	0	0	186853	329759	0	0	0.472457886
31995	0	504	50	0	0	153370	303100	0	0	0.488204956
31969	0	510	49	0	0	684812	729332	0	0	0.487808228
32041	0	528	50	0	0	205991	486460	0	28525	0.48890686
14059	0	818	50	1	0	28540	28541	0	0	0.214523315
31001	0	505	50	0	0	1023718	1046197	1	0	0.47303772
32118	0	511	51	0	0	161714	232165	0	0	0.490081787
31396	0	512	50	0	0	135403	297619	0	0	0.479064941
31123	0	515	50	0	0	128311	391679	0	0	0.474899292
31430	0	520	48	0	0	946841	1104159	1	0	0.47958374
31417	0	521	50	0	0	251211	401663	0	0	0.479385376
31894	0	522	50	0	0	177744	427052	0	0	0.486663818
31951	0	556	48	0	0	843251	1242707	1	31951	0.487533569
12589	0	863	50	1	0	18242	18244	0	0	0.192092896
31805	0	526	50	0	0	855989	879913	1	0	0.485305786
31793	0	529	51	0	0	142478	240311	0	0	0.485122681
31258	0	531	49	0	0	766835	790727	1	0	0.476959229
32097	0	534	50	0	0	266513	409338	0	0	0.489761353
31622	0	536	50	0	0	178954	332249	0	0	0.482513428
31401	0	539	50	0	0	152938	314453	0	0	0.479141235
27659	0	818	50	1	0	29176	29177	0	0	0.422042847
31197	0	543	50	0	0	1047252	1069476	1	0	0.476028442
31642	0	544	51	0	0	130221	271108	0	0	0.482818604
31970	0	547	50	0	0	125896	255642	0	0	0.487823486
31758	0	548	50	0	0	134961	391457	0	0	0.484588623
31774	0	552	48	0	0	811650	975398	1	0	0.484832764
32083	0	557	50	0	0	177765	320218	0	0	0.489547729
31968	0	570	50	0	0	239676	280957	0	1613	0.487792969
12761	0	863	50	1	0	18643	18643	0	0	0.194717407
31499	0	561	50	0	0	979515	1012202	1	0	0.480636597
31698	0	562	51	0	0	160593	302215	0	0	0.483673096
31107	0	564	50	0	0	185482	467790	0	0	0.474655151
31228	0	574	48	0	0	898775	0	1	0	0.476501465
31520	0	575	47	0	0	713243	1844816	1	0	0.480957031
32127	0	585	50	0	0	789593	961102	0	0	0.490219116
30074	0	818	50	1	0	30926	30928	0	0	0.458892822
32085	0	579	50	0	0	1104025	1142193	1	0	0.489578247
31507	0	615	51	0	0	387243	387244	0	31507	0.480758667
29690	0	570	49	1	29690	316951	473254	1	0	0.453033447
31034	0	588	50	0	0	178724	347049	0	0	0.47354126
30710	0	593	50	0	0	192860	335510	0	0	0.468597412
30932	0	595	50	0	0	213674	357292	0	0	0.471984863
31220	0	601	50	0	0	115231	460582	0	0	0.476379395
31312	0	607	48	0	0	826622	984357	1	0	0.477783203
31774	0	629	50	0	0	266312	365885	0	0	0.484832764
31905	0	641	48	0	0	955116	1256771	1	0	0.486831665
31060	0	574	50	1	0	31135	31136	0	0	0.473937988
32075	0	656	50	0	0	1169915	1187568	1	0	0.489425659
31517	0	743	51	0	0	453707	453708	0	31517	0.480911255
30717	0	632	49	0	0	999261	1018566	1	0	0.468704224
31285	0	665	50	0	0	312086	470251	0	0	0.477371216
31254	0	667	50	0	0	178778	336638	0	0	0.476898193
29485	0	575	50	1	0	29282	29284	0	0	0.449905396
31152	0	688	50	0	0	1090423	1125804	1	0	0.475341797
32111	0	609	51	0	0	501979	501980	0	32111	0.489974976
31388	0	714	49	0	0	1093273	1142505	1	0	0.478942871
29763	0	579	50	1	0	29905	29907	0	0	0.454147339
31406	0	719	50	0	0	1171762	1194246	1	0	0.479217529
31545	0	745	51	0	0	169010	257461	0	0	0.481338501
31402	0	774	50	0	0	267254	408001	0	0	0.479156494
31102	0	785	50	0	0	198885	364126	0	0	0.474578857
31019	0	755	49	0	0	807863	841146	0	0	0.473312378
31109	0	799	50	0	0	235369	377326	0	0	0.474685669
31918	0	804	50	0	0	141174	310726	0	0	0.487030029
25713	0	585	50	1	0	34578	34578	0	0	0.392349243
31375	0	826	50	0	0	1046880	1070848	1	0	0.478744507
31341	0	831	51	0	0	140887	295343	0	0	0.478225708
31260	0	843	50	0	0	225583	396281	0	0	0.476989746
32119	0	7	50	0	0	203233	356911	0	0	0.490097046
32108	0	13	50	0	0	259283	559134	0	0	0.489929199
31445	0	883	48	0	0	941603	1243479	1	0	0.479812622
30745	0	588	50	1	26557	153441	310447	0	0	0.46913147
32127	0	651	50	0	0	479464	479464	0	32127	0.490219116
32042	0	30	50	0	0	1122965	1143898	1	0	0.488922119
31526	0	856	50	0	0	161495	321806	0	0	0.481048584
31413	0	18	50	0	0	126169	284001	0	0	0.479324341
31425	0	20	50	0	0	163733	352886	0	0	0.479507446
30775	0	593	50	1	0	30145	30145	0	0	0.469589233
31143	0	22	50	0	0	1196178	1212820	1	0	0.475204468
31793	0	40	50	0	0	125969	237776	0	0	0.485122681
32016	0	51	50	0	0	200571	361809	0	0	0.488525391
31173	0	44	50	0	0	212470	354929	0	0	0.475662231
31837	0	59	50	0	0	143017	529469	0	0	0.485794067
32316	0	72	48	0	0	957718	1150702	1	0	0.493103027
32663	0	80	50	0	0	248132	402421	0	0	0.498397827
26490	0	595	50	1	25936	126119	563715	0	0	0.404205322
32124	0	677	50	0	0	491965	491965	0	32124	0.49017334
31180	0	100	49	0	0	1127560	1157286	1	0	0.475769043
31863	0	102	50	0	0	250302	395597	0	0	0.486190796
31252	0	601	50	1	0	32513	32513	0	0	0.476867676
31624	0	112	50	0	0	1076937	1101746	1	0	0.482543945
31548	0	128	50	0	0	143528	303106	0	0	0.481384277
31310	0	132	50	0	0	149801	291509	0	0	0.477752686
31897	0	150	50	0	0	154014	460773	0	0	0.486709595
31989	0	162	48	0	0	899534	1094924	1	0	0.488113403
32109	0	589	50	0	0	232575	446828	0	19920	0.489944458
14368	0	607	50	1	0	18506	18506	0	0	0.219238281
30871	0	155	50	0	0	1074267	1103863	1	0	0.471054077
32007	0	157	51	0	0	104126	136652	0	0	0.488388062
30957	0	174	50	0	0	171104	411173	0	0	0.472366333
31137	0	192	48	0	0	821477	1035963	1	0	0.475112915
31262	0	194	50	0	0	167641	326719	0	0	0.477020264
31370	0	202	49	0	0	139241	297940	0	0	0.478668213
31333	0	206	50	0	0	743046	850211	0	0	0.478103638
31292	0	609	50	1	0	30776	30776	0	0	0.477478027
31304	0	212	50	0	0	1172195	1199998	1	0	0.477661133
32115	0	630	51	0	0	694715	694716	0	32114	0.490036011
31537	0	214	49	0	0	933986	954875	1	0	0.481216431
31025	0	615	50	1	0	27923	27924	0	0	0.473403931
31349	0	225	50	0	0	1010772	1034295	1	0	0.478347778
31758	0	236	51	0	0	137566	496362	0	0	0.484588623
31540	0	242	48	0	0	849700	1028997	1	0	0.481262207
31566	0	247	50	0	0	281391	442866	0	0	0.481658936
31897	0	267	50	0	0	204849	346761	0	0	0.486709595
31832	0	270	49	0	0	744839	770240	1	0	0.485717773
31966	0	276	50	0	0	704140	742871	0	0	0.487762451
32738	0	146	50	0	0	280130	342393	0	3490	0.499542236
11513	0	651	50	1	0	20741	20741	0	0	0.175674438
31565	0	286	50	0	0	914666	928807	1	0	0.481643677
31701	0	291	51	0	0	150570	288753	0	0	0.483718872
31414	0	293	50	0	0	154101	304328	0	0	0.4793396
30996	0	298	50	0	0	141092	372059	0	0	0.472961426
31358	0	315	48	0	0	991123	1173463	1	0	0.478485107
31408	0	321	49	0	0	740573	0	1	0	0.479248047
31894	0	328	48	0	0	732096	1502527	1	0	0.486663818
32122	0	555	50	0	0	238606	281026	0	5344	0.490142822
13168	0	714	50	1	0	24340	24340	0	0	0.200927734
30987	0	334	50	0	0	919586	940211	1	0	0.472824097
31586	0	329	51	0	0	168787	405670	0	0	0.481964111
31138	0	343	48	0	0	964849	1173905	1	0	0.475128174
31122	0	349	50	0	0	206253	381447	0	0	0.474884033
31300	0	355	50	0	0	259456	414807	0	0	0.477600098
31260	0	364	50	0	0	133365	252664	0	0	0.476989746
32039	0	373	50	0	0	134417	399675	0	0	0.488876343
29119	0	804	48	1	29825	217441	489031	1	0	0.444320679
31486	0	379	50	0	0	153644	330832	0	0	0.480438232
31109	0	376	50	0	0	149994	263091	0	0	0.474685669
31921	0	386	50	0	0	134692	410361	0	0	0.487075806
32737	0	19	48	0	0	804366	1139612	1	32737	0.499526978
16014	0	883	50	1	0	19147	19148	0	0	0.244354248
31432	0	390	50	0	0	885900	913462	1	0	0.479614258
32050	0	407	51	0	0	113955	162409	0	0	0.489044189
31695	0	408	50	0	0	131136	260961	0	0	0.483627319
31207	0	416	50	0	0	171071	332015	0	0	0.47618103
31275	0	421	49	0	0	664039	0	0	0	0.477218628
31397	0	429	48	0	0	703287	1415480	1	0	0.4790802
32122	0	781	50	0	0	222577	442001	0	23211	0.490142822
13106	0	804	50	1	0	27593	27594	0	0	0.199981689
30976	0	435	50	0	0	1048726	1069640	1	0	0.47265625
32105	0	438	51	0	0	143712	232127	0	0	0.489883423
31167	0	447	50	0	0	169494	359339	0	0	0.475570679
31088	0	453	48	0	0	814739	1021438	1	0	0.474365234
31846	0	459	50	0	0	183483	367898	0	0	0.485931396
31933	0	464	50	0	0	276020	444605	0	0	0.487258911
31151	0	883	50	1	0	27466	27467	0	0	0.475326538
31661	0	467	50	0	0	1161541	1189842	1	0	0.483108521
31907	0	468	50	0	0	139746	226822	0	0	0.486862183
32001	0	473	50	0	0	271880	399345	0	0	0.488296509
31486	0	477	50	0	0	143505	304482	0	0	0.480438232
31572	0	482	50	0	0	246098	374922	0	0	0.481750488
31615	0	484	48	0	0	1048623	1350009	1	0	0.482406616
31948	0	486	50	0	0	173986	336718	0	0	0.487487793
32019	0	488	50	0	0	233644	397656	0	0	0.488571167
27120	0	804	50	1	0	24481	24483	0	0	0.413818359
32055	0	489	50	0	0	1132974	1153380	1	0	0.489120483
32118	0	712	51	0	0	542844	542846	0	32118	0.490081787
28791	0	883	49	1	28791	309669	469076	1	0	0.439315796
31983	0	500	50	0	0	176855	312788	0	0	0.488021851
32048	0	501	50	0	0	163920	314706	0	0	0.489013672
31390	0	497	50	0	0	144812	288043	0	0	0.478973389
31841	0	504	50	0	0	163302	302075	0	0	0.485855103
32705	0	300	50	0	0	602854	602855	0	32705	0.499038696
20019	0	804	49	1	20019	255558	405629	1	0	0.305465698
31420	0	505	50	0	0	208586	357262	0	0	0.479431152
31473	0	510	50	0	0	208910	459121	0	0	0.480239868
31559	0	511	48	0	0	1029267	1276861	1	0	0.481552124
31625	0	512	50	0	0	781798	1025851	0	0	0.482559204
31234	0	520	50	0	0	189094	458322	0	0	0.476593018
31440	0	521	48	0	0	977494	1244466	1	0	0.479736328
32113	0	883	50	1	0	38173	38174	0	0	0.490005493
32126	0	522	50	0	0	1333658	1402740	1	0	0.490203857
32721	0	445	51	0	0	530645	530645	0	32721	0.499282837
31079	0	528	49	0	0	1313732	1340190	1	0	0.474227905
31562	0	526	50	0	0	696787	1105905	0	0	0.4815979
31258	0	529	50	0	0	272973	487562	0	0	0.476959229
29965	0	712	50	1	0	25375	25375	0	0	0.457229614
31066	0	531	50	0	0	1144198	1172561	1	0	0.474029541
31400	0	534	51	0	0	154087	300399	0	0	0.479125977
31422	0	539	50	0	0	233600	401366	0	0	0.47946167
31532	0	543	50	0	0	749872	1148197	0	0	0.481140137
32052	0	544	50	0	0	275830	455697	0	0	0.489074707
31505	0	547	48	0	0	921000	1234004	1	0	0.480728149
31780	0	883	50	1	0	34035	34036	0	0	0.484924316
32177	0	548	50	0	0	1040816	1072716	1	0	0.490982056
31899	0	561	49	0	0	827805	872646	1	0	0.486740112
31625	0	564	50	0	0	289898	439023	0	0	0.482559204
31013	0	552	50	0	0	239439	401544	0	0	0.473220825
32010	0	556	50	0	0	124810	486726	0	0	0.488433838
31677	0	557	48	0	0	842939	1001733	1	0	0.483352661
31702	0	570	50	0	0	169391	324859	0	0	0.483734131
32112	0	574	50	0	0	215058	357061	0	0	0.489990234
29866	0	712	50	1	0	31399	31401	0	0	0.455718994
32631	0	567	50	0	0	1167188	1357172	1	32631	0.497909546
32317	0	575	49	0	0	739016	777323	0	0	0.493118286
32291	0	579	50	0	0	240241	378711	0	0	0.492721558
26839	0	883	50	1	0	31929	31930	0	0	0.40953064
31777	0	588	50	0	0	1036057	1047424	1	0	0.48487854
32507	0	585	51	0	0	167953	266582	0	0	0.496017456
31817	0	589	50	0	0	196836	333521	0	0	0.485488892
31486	0	595	50	0	0	189245	340661	0	0	0.480438232
31622	0	601	49	0	0	735412	783466	1	0	0.482513428
32100	0	607	50	0	0	154592	309956	0	0	0.489807129
31959	0	632	50	0	0	207388	343238	0	0	0.48765564
32063	0	629	50	0	0	152583	285059	0	0	0.489242554
28177	0	712	50	1	0	27676	27676	0	0	0.429946899
31906	0	641	50	0	0	1153574	1179816	1	0	0.486846924
32109	0	740	51	0	0	252124	473416	0	518	0.489944458
29734	0	883	48	1	29734	108297	524320	1	0	0.453704834
32019	0	656	50	0	0	124322	214847	0	0	0.488571167
32068	0	667	50	0	0	216208	390506	0	0	0.489318848
31607	0	665	50	0	0	233527	346246	0	0	0.482284546
31827	0	677	50	0	0	147111	298106	0	0	0.485641479
31165	0	688	49	0	0	644101	682927	0	0	0.475540161
31724	0	719	50	0	0	258194	392926	0	0	0.484069824
28196	0	712	50	1	0	28169	28170	0	0	0.430236816
32049	0	743	50	0	0	995167	1015720	1	0	0.489028931
32116	0	761	51	0	0	247623	385606	0	179	0.49005127
32031	0	745	48	0	0	755691	1067237	1	0	0.488754272
31970	0	755	50	0	0	185233	336079	0	0	0.487823486
31833	0	774	50	0	0	210589	346354	0	0	0.485733032
29404	0	740	50	1	0	26539	26539	0	0	0.448669434
32006	0	785	50	0	0	1001169	1033503	1	0	0.488372803
32751	0	503	51	0	0	424161	424162	0	32751	0.499740601
30577	0	743	49	1	30577	351138	524752	1	0	0.466567993
31435	0	799	50	0	0	211557	388137	0	0	0.479660034
31233	0	818	50	0	0	159397	305983	0	0	0.476577759
32760	0	541	50	0	0	460605	460606	0	32760	0.49987793
25306	0	745	49	1	25306	286175	417465	1	0	0.386138916
31530	0	826	50	0	0	103921	180862	0	0	0.481109619
31925	0	831	50	0	0	121423	226107	0	0	0.487136841
32009	0	7	50	0	0	173222	328398	0	0	0.488418579
30728	0	843	50	0	0	192851	343117	0	0	0.46887207
31253	0	13	50	0	0	191095	343392	0	0	0.476882935
31265	0	18	49	0	0	802394	830090	1	0	0.47706604
30940	0	856	50	0	0	156415	321937	0	0	0.472106934
31615	0	20	50	0	0	154349	474017	0	0	0.482406616
32078	0	22	48	0	0	889506	1085815	1	0	0.489471436
32033	0	30	50	0	0	211342	377976	0	0	0.48878479
25021	0	755	50	1	0	276344	276344	0	0	0.381790161
31854	0	44	50	0	0	982484	1007246	1	0	0.486053467
32234	0	40	51	0	0	135613	209150	0	0	0.491851807
31909	0	51	50	0	0	128608	466529	0	0	0.4868927
31952	0	72	48	0	0	936362	1113406	1	0	0.487548828
32034	0	80	50	0	0	246359	425138	0	0	0.488800049
26937	0	761	50	1	0	13433	13433	0	0	0.411026001
32130	0	59	50	0	0	1130410	1160712	1	0	0.490264893
32459	0	100	51	0	0	190027	276960	0	0	0.495285034
32123	0	591	50	0	0	211267	373577	0	7013	0.490158081
32072	0	102	48	0	0	661055	0	1	0	0.489379883
32200	0	112	47	0	0	689345	1662995	1	0	0.491333008
25181	0	774	50	1	0	50062	50063	0	0	0.384231567
32147	0	128	50	0	0	1101971	1119281	1	0	0.490524292
32348	0	146	51	0	0	205016	339743	0	0	0.493591309
32264	0	132	50	0	0	259064	391110	0	0	0.49230957
32004	0	150	50	0	0	142074	302667	0	0	0.488342285
32530	0	155	49	0	0	875535	891777	1	0	0.496368408
32235	0	157	50	0	0	163430	300227	0	0	0.491867065
32520	0	162	50	0	0	218547	354034	0	0	0.49621582
30215	0	785	50	1	0	34012	34012	0	0	0.461044312
31718	0	192	50	0	0	976570	1015872	1	0	0.483978271
32219	0	174	51	0	0	114975	167274	0	0	0.491622925
31529	0	194	50	0	0	134724	312232	0	0	0.48109436
31560	0	202	49	0	0	787884	820617	1	0	0.481567383
32069	0	206	50	0	0	169337	316671	0	0	0.489334106
32124	0	637	50	0	0	245750	449656	0	21259	0.49017334
12784	0	799	50	1	0	24773	24774	0	0	0.195068359
31994	0	214	50	0	0	884686	906431	1	0	0.488189697
32122	0	696	51	0	0	653020	653021	0	32122	0.490142822
30949	0	212	49	0	0	1108708	0	1	0	0.472244263
32015	0	225	48	0	0	824664	1968602	1	0	0.488510132
28679	0	818	50	1	0	26185	26185	0	0	0.437606812
31787	0	236	50	0	0	1023080	1043821	1	0	0.485031128
31893	0	242	51	0	0	170827	269729	0	0	0.48664856
31937	0	247	50	0	0	161766	323031	0	0	0.487319946
32113	0	267	50	0	0	213761	372669	0	0	0.490005493
32114	0	833	49	0	0	894324	1087395	1	32114	0.490020752
16291	0	826	50	1	0	21169	21170	0	0	0.248580933
31962	0	270	50	0	0	852804	883120	1	0	0.487701416
32175	0	276	51	0	0	152715	212468	0	0	0.490951538
31893	0	286	50	0	0	219439	392558	0	0	0.48664856
31544	0	291	50	0	0	176855	327018	0	0	0.481323242
31845	0	293	50	0	0	254754	384419	0	0	0.485916138
31849	0	298	48	0	0	900307	1194446	1	0	0.485977173
31975	0	300	50	0	0	166307	316769	0	0	0.48789978
31855	0	831	50	1	0	32891	32891	0	0	0.486068726
31887	0	315	50	0	0	1070711	1087562	1	0	0.486557007
32474	0	321	51	0	0	179553	276999	0	0	0.495513916
31995	0	328	50	0	0	172513	325537	0	0	0.488204956
32075	0	334	50	0	0	207530	408703	0	0	0.489425659
31985	0	329	48	0	0	880545	1129683	1	0	0.488052368
32496	0	343	50	0	0	735928	799108	0	0	0.495849609
31757	0	833	50	1	0	42686	42686	0	0	0.484573364
32545	0	349	50	0	0	1031944	1061855	1	0	0.49659729
32759	0	355	51	0	0	175759	272615	0	0	0.499862671
32598	0	364	50	0	0	130237	252560	0	0	0.497406006
32282	0	373	50	0	0	114795	412007	0	0	0.492584229
31602	0	376	48	0	0	883575	1030033	1	0	0.482208252
32334	0	379	50	0	0	207466	359188	0	0	0.493377686
31265	0	843	50	1	0	29061	29063	0	0	0.47706604
31583	0	386	50	0	0	1000597	1028041	1	0	0.481918335
32418	0	390	51	0	0	135826	215565	0	0	0.494659424
32180	0	407	50	0	0	228924	374157	0	0	0.491027832
32750	0	416	50	0	0	699052	1054251	0	0	0.499725342
32649	0	421	49	0	0	154552	287276	0	0	0.498184204
32742	0	429	50	0	0	231651	355939	0	0	0.499603271
31944	0	833	50	1	0	33706	33707	0	0	0.487426758
32360	0	438	50	0	0	998280	1020914	1	0	0.493774414
32608	0	483	51	0	0	441278	441278	0	32608	0.497558594
31772	0	435	49	0	0	1082306	1100297	1	0	0.484802246
32423	0	445	50	0	0	282550	431166	0	0	0.494735718
30906	0	503	50	1	0	29159	29159	0	0	0.471588135
32000	0	453	50	0	0	1005000	1030577	1	0	0.48828125
32092	0	459	51	0	0	175319	307501	0	0	0.489685059
31269	0	447	50	0	0	147129	319761	0	0	0.477127075
32205	0	464	50	0	0	245968	407794	0	0	0.491409302
32374	0	468	50	0	0	259976	720093	0	0	0.493988037
32257	0	473	48	0	0	885250	1183319	1	0	0.492202759
32592	0	584	50	0	0	754646	953082	0	32592	0.497314453
14281	0	833	50	1	0	25678	25679	0	0	0.217910767
32432	0	477	50	0	0	857731	886664	1	0	0.494873047
32018	0	484	49	0	0	940096	0	1	0	0.488555908
32257	0	482	48	0	0	865231	1847526	1	0	0.492202759
32230	0	486	50	0	0	188298	436580	0	0	0.491790771
32478	0	488	48	0	0	817268	1042544	1	0	0.495574951
32530	0	497	50	0	0	228478	381675	0	0	0.496368408
32362	0	503	50	1	0	33602	33602	0	0	0.493804932
32692	0	500	50	0	0	1049860	1072606	1	0	0.498840332
32570	0	612	51	0	0	439858	439859	0	32570	0.49697876
31807	0	501	49	0	0	1063210	1091775	1	0	0.485336304
30857	0	584	50	1	0	35457	35457	0	0	0.470840454
31696	0	504	50	0	0	1030691	1065051	1	0	0.483642578
33277	0	27	51	0	0	423433	423433	0	33277	0.507766724
33093	0	47	49	0	0	956311	1141451	1	33093	0.504959106
17264	0	833	50	1	0	29803	29804	0	0	0.263427734
31561	0	505	50	0	0	1016600	1039371	1	0	0.481582642
32473	0	511	51	0	0	130744	242861	0	0	0.495498657
32180	0	512	50	0	0	222917	365615	0	0	0.491027832
32136	0	520	50	0	0	243207	341279	0	0	0.490356445
32722	0	521	50	0	0	237130	304652	0	0	0.499298096
32734	0	522	50	0	0	153945	613932	0	0	0.499481201
32703	0	526	48	0	0	1009719	1215531	1	0	0.499008179
32652	0	528	50	0	0	214275	390865	0	0	0.49822998
24907	0	612	50	1	0	29265	29265	0	0	0.380050659
32120	0	531	50	0	0	1147824	1192834	1	0	0.490112305
32488	0	529	51	0	0	132089	219534	0	0	0.495727539
32445	0	539	50	0	0	137104	298170	0	0	0.495071411
32070	0	543	50	0	0	146006	608657	0	0	0.489349365
31552	0	541	48	0	0	1031184	1226382	1	0	0.481445313
32491	0	544	50	0	0	191540	330859	0	0	0.495773315
32301	0	547	50	0	0	231219	387327	0	0	0.492874146
30378	0	833	50	1	0	32866	32867	0	0	0.463531494
32309	0	548	50	0	0	1417625	1458217	1	0	0.492996216
32628	0	552	51	0	0	228013	369521	0	0	0.49786377
31883	0	555	50	0	0	276698	639732	0	0	0.486495972
31622	0	556	48	0	0	1258715	1595295	1	0	0.482513428
32635	0	557	50	0	0	278797	439849	0	0	0.497970581
32486	0	564	50	0	0	267311	610779	0	0	0.495697021
29718	0	612	50	1	0	29644	29645	0	0	0.453460693
32734	0	639	50	0	0	1553540	1910132	1	32734	0.499481201
32753	0	669	51	0	0	608333	803195	0	6614	0.499771118
17108	0	833	50	1	4063	437508	519150	0	0	0.261047363
31989	0	567	50	0	0	405275	600441	0	0	0.488113403
31590	0	570	50	0	0	559011	965662	0	0	0.482025146
32521	0	574	50	0	0	303977	394422	0	0	0.496231079
32117	0	575	50	0	0	122325	224028	0	0	0.490066528
32584	0	579	50	0	0	133317	233380	0	0	0.497192383
32020	0	585	49	0	0	148918	308846	0	0	0.488586426
32240	0	588	50	0	0	861566	1135514	0	0	0.491943359
28518	0	639	50	1	0	23903	23904	0	0	0.435150146
32047	0	589	50	0	0	1064364	1100130	1	0	0.488998413
32529	0	591	51	0	0	126696	220317	0	0	0.496353149
32070	0	595	50	0	0	148979	302368	0	0	0.489349365
31840	0	601	50	0	0	159444	306492	0	0	0.485839844
32016	0	607	49	0	0	748825	770998	1	0	0.488525391
32456	0	632	50	0	0	156068	299273	0	0	0.495239258
32346	0	637	50	0	0	193132	344155	0	0	0.493560791
30846	0	669	50	1	0	41647	41647	0	0	0.470672607
32125	0	656	50	0	0	1141059	1178362	1	0	0.490188599
32489	0	665	51	0	0	115328	223165	0	0	0.495742798
32349	0	667	50	0	0	259758	415877	0	0	0.493606567
32670	0	675	50	0	0	430653	430654	0	32670	0.498504639
21387	0	833	49	1	21387	247837	391847	1	0	0.326339722
32460	0	677	50	0	0	179996	242652	0	0	0.495300293
32082	0	696	50	0	0	316120	460749	0	0	0.489532471
32007	0	688	50	0	0	119137	236173	0	0	0.488388062
31990	0	712	50	0	0	208234	350157	0	0	0.488128662
31796	0	719	50	0	0	195121	392666	0	0	0.485168457
31973	0	743	48	0	0	875325	1113835	1	0	0.487869263
32660	0	693	50	0	0	171291	430764	0	25913	0.498352051
12947	0	669	50	1	0	23468	23468	0	0	0.197555542
32127	0	761	50	0	0	970925	1006428	1	0	0.490219116
32604	0	697	51	0	0	483972	483973	0	32604	0.497497559
31958	0	745	49	0	0	1000342	1034845	1	0	0.487640381
32071	0	755	50	0	0	145473	261289	0	0	0.489364624
31063	0	675	50	1	0	39065	39065	0	0	0.473983765
31937	0	774	50	0	0	1078061	1111812	1	0	0.487319946
32054	0	785	51	0	0	222763	349813	0	0	0.489105225
31900	0	818	50	0	0	178923	328352	0	0	0.486755371
32097	0	826	50	0	0	132486	488071	0	0	0.489761353
31401	0	799	48	0	0	981411	1159726	1	0	0.479141235
31917	0	831	50	0	0	207351	363698	0	0	0.487014771
31960	0	856	50	0	0	171231	320378	0	0	0.487670898
29185	0	677	50	1	0	30151	30152	0	0	0.445327759
32127	0	7	50	0	0	1030385	1042731	1	0	0.490219116
32121	0	883	51	0	0	195066	309849	0	0	0.490127563
31895	0	13	50	0	0	340703	511557	0	0	0.486679077
31842	0	18	49	0	0	895590	925836	1	0	0.485870361
31792	0	20	50	0	0	172924	320331	0	0	0.485107422
32057	0	22	50	0	0	163131	326802	0	0	0.489151001
32323	0	30	50	0	0	163584	304750	0	0	0.493209839
28695	0	688	50	1	0	29032	29032	0	0	0.437850952
32179	0	40	50	0	0	1041549	1065036	1	0	0.491012573
31885	0	51	49	0	0	941426	961538	1	0	0.486526489
32186	0	44	50	0	0	314889	475888	0	0	0.491119385
32456	0	59	49	0	0	822582	851679	1	0	0.495239258
32165	0	72	50	0	0	170580	314481	0	0	0.49079895
32746	0	674	50	0	0	264257	286453	0	810	0.499664307
13470	0	693	50	1	0	23061	23062	0	0	0.205535889
31954	0	80	50	0	0	1103362	1122578	1	0	0.487579346
32409	0	100	51	0	0	205619	314632	0	0	0.494522095
31513	0	102	50	0	0	163834	323912	0	0	0.48085022
31767	0	112	50	0	0	213962	506769	0	0	0.484725952
32101	0	132	48	0	0	1050174	1312321	1	0	0.489822388
31951	0	146	49	0	0	830562	0	0	0	0.487533569
32411	0	150	48	0	0	865406	1749644	1	0	0.494552612
32485	0	155	50	0	0	222356	368334	0	0	0.495681763
24731	0	696	50	1	24596	114243	592327	0	0	0.377365112
32627	0	157	50	0	0	222371	385179	0	0	0.497848511
32494	0	162	50	0	0	329437	484879	0	0	0.495819092
32474	0	194	50	0	0	201104	370739	0	0	0.495513916
32529	0	192	49	0	0	803895	845021	0	0	0.496353149
32568	0	202	50	0	0	159783	313173	0	0	0.496948242
32726	0	685	50	0	0	256850	319978	0	6870	0.499359131
11558	0	697	50	1	0	28022	28022	0	0	0.176361084
32465	0	206	50	0	0	886995	911043	1	0	0.495376587
32510	0	212	51	0	0	194917	335445	0	0	0.496063232
32678	0	214	50	0	0	225889	374017	0	0	0.498626709
32538	0	225	50	0	0	270439	545879	0	0	0.496490479
32736	0	242	48	0	0	954411	1272629	1	0	0.499511719
31933	0	712	50	1	31818	162926	316029	0	0	0.487258911
32753	0	425	50	0	0	456453	456453	0	32753	0.499771118
32377	0	267	50	0	0	1009281	1036785	1	0	0.494033813
31125	0	719	49	1	31125	239519	384873	1	0	0.47492981
32028	0	286	50	0	0	752274	865799	0	0	0.488708496
32483	0	247	50	0	0	268292	408933	0	0	0.495651245
32750	0	276	50	0	0	320205	461534	0	0	0.499725342
31966	0	291	50	0	0	305485	459694	0	0	0.487762451
32329	0	293	50	0	0	166990	312417	0	0	0.493301392
32740	0	298	50	0	0	160410	316348	0	0	0.499572754
32538	0	300	50	0	0	184711	438332	0	0	0.496490479
32766	0	284	48	0	0	943917	1347709	1	32766	0.499969482
15078	0	743	50	1	0	21707	21707	0	0	0.230072021
32223	0	315	50	0	0	983595	999536	1	0	0.49168396
32179	0	321	51	0	0	159033	253466	0	0	0.491012573
32334	0	328	50	0	0	299811	437944	0	0	0.493377686
32099	0	329	50	0	0	767387	898092	0	0	0.48979187
32087	0	343	49	0	0	137494	285177	0	0	0.489608765
32233	0	334	50	0	0	233689	369416	0	0	0.491836548
31144	0	761	50	1	0	33761	33762	0	0	0.475219727
31980	0	349	50	0	0	1084234	1116506	1	0	0.487976074
31442	0	355	49	0	0	798739	813266	1	0	0.479766846
32546	0	373	50	0	0	302963	445401	0	0	0.496612549
32260	0	364	50	0	0	247537	381722	0	0	0.492248535
32533	0	700	50	0	0	201138	355577	0	16433	0.496414185
18286	0	826	50	1	0	20174	20175	0	0	0.279022217
31911	0	376	50	0	0	978590	997573	1	0	0.486923218
32518	0	708	51	0	0	238056	260766	0	1049	0.496185303
32423	0	379	50	0	0	189730	324209	0	0	0.494735718
32621	0	786	50	0	0	256529	347278	0	9005	0.497756958
14727	0	761	50	1	0	14631	14631	0	0	0.224716187
32411	0	407	50	0	0	938341	950550	1	0	0.494552612
33228	0	142	51	0	0	501415	501416	0	33228	0.507019043
31978	0	421	49	0	0	1030641	1049681	1	0	0.487945557
30280	0	708	50	1	0	28890	28891	0	0	0.462036133
31925	0	416	50	0	0	1093471	1116113	1	0	0.487136841
32103	0	435	51	0	0	164119	295835	0	0	0.489852905
31071	0	429	50	0	0	189425	341889	0	0	0.474105835
31479	0	438	50	0	0	195539	356776	0	0	0.480331421
31330	0	445	48	0	0	1029713	1270512	1	0	0.478057861
31683	0	447	49	0	0	846039	0	1	0	0.483444214
32100	0	453	48	0	0	808745	1695908	1	0	0.489807129
32185	0	459	50	0	0	202262	354493	0	0	0.491104126
32453	0	464	50	0	0	225682	351019	0	0	0.495193481
31602	0	761	50	1	0	29835	29836	0	0	0.482208252
32185	0	468	50	0	0	1002789	1035208	1	0	0.491104126
32367	0	473	51	0	0	138656	177108	0	0	0.493881226
32289	0	477	50	0	0	90156	595511	0	0	0.49269104
32065	0	482	48	0	0	944171	1074751	1	0	0.489273071
32092	0	486	50	0	0	276229	422298	0	0	0.489685059
26867	0	786	50	1	0	26205	26206	0	0	0.409957886
31785	0	483	50	0	0	1261761	1292018	1	0	0.48500061
32396	0	497	51	0	0	245326	375881	0	0	0.49432373
32109	0	500	50	0	0	316157	466914	0	0	0.489944458
31994	0	488	50	0	0	154681	255885	0	0	0.488189697
31925	0	501	50	0	0	177364	495088	0	0	0.487136841
31591	0	503	48	0	0	993587	1211248	1	0	0.482040405
32007	0	511	50	0	0	181621	337218	0	0	0.488388062
32080	0	504	50	0	0	168528	309806	0	0	0.489501953
29082	0	761	50	1	0	31175	31175	0	0	0.443756104
32039	0	512	50	0	0	1073288	1106045	1	0	0.488876343
31943	0	521	51	0	0	190582	343688	0	0	0.487411499
32753	0	499	50	0	0	229446	519353	0	28717	0.499771118
23721	0	786	49	1	23721	68935	221943	1	0	0.361953735
32182	0	522	50	0	0	134002	264923	0	0	0.49105835
32720	0	523	50	0	0	236746	304580	0	8222	0.499267578
32036	0	526	49	0	0	765943	0	1	0	0.488830566
32207	0	528	48	0	0	741822	1542634	1	0	0.491439819
31232	0	761	50	1	0	27249	27249	0	0	0.4765625
31973	0	529	50	0	0	1117808	1145641	1	0	0.487869263
32502	0	531	51	0	0	170730	254684	0	0	0.495941162
31899	0	539	50	0	0	115184	250989	0	0	0.486740112
31910	0	541	50	0	0	123024	447428	0	0	0.486907959
32070	0	543	48	0	0	857381	1012206	1	0	0.489349365
32760	0	238	50	0	0	217034	370158	0	16711	0.49987793
13850	0	786	50	1	0	18700	18701	0	0	0.211334229
32728	0	547	50	0	0	872552	884635	1	0	0.499389648
32668	0	552	51	0	0	174105	273615	0	0	0.498474121
31750	0	544	50	0	0	214026	358214	0	0	0.484466553
31923	0	548	50	0	0	143544	495040	0	0	0.487106323
31514	0	555	48	0	0	811260	998823	1	0	0.480865479
32240	0	556	50	0	0	197730	347737	0	0	0.491943359
32702	0	796	50	0	0	388559	388559	0	32702	0.49899292
12054	0	761	50	1	12054	245988	325094	1	0	0.183929443
32752	0	557	51	0	0	138612	197732	0	0	0.499755859
31996	0	567	50	0	0	224135	391131	0	0	0.488220215
32071	0	574	50	0	0	325371	571210	0	0	0.489364624
31885	0	570	48	0	0	1040015	1408461	1	0	0.486526489
32066	0	575	50	0	0	834358	877044	0	0	0.48928833
32318	0	579	50	0	0	223226	370157	0	0	0.493133545
28153	0	786	50	1	0	28854	28855	0	0	0.429580688
31708	0	584	50	0	0	1082443	1102008	1	0	0.483825684
32621	0	588	51	0	0	192991	541053	0	0	0.497756958
31363	0	585	50	0	0	201124	356396	0	0	0.478561401
31574	0	589	50	0	0	165136	312689	0	0	0.481781006
31826	0	595	49	0	0	819040	889697	0	0	0.485626221
32356	0	601	50	0	0	275994	415965	0	0	0.493713379
27435	0	796	50	1	0	26565	26566	0	0	0.418624878
32002	0	612	50	0	0	1497691	1526412	1	0	0.488311768
32215	0	607	51	0	0	209246	353083	0	0	0.49156189
31710	0	632	50	0	0	195221	354554	0	0	0.483856201
31671	0	637	49	0	0	147192	312271	0	0	0.483261108
32280	0	639	50	0	0	214704	365727	0	0	0.492553711
31266	0	786	49	1	31266	305066	433544	1	0	0.477081299
31546	0	667	50	0	0	149541	303240	0	0	0.48135376
31837	0	656	50	0	0	187864	348532	0	0	0.485794067
31962	0	669	50	0	0	789733	917280	0	0	0.487701416
32390	0	674	50	0	0	152815	296677	0	0	0.494232178
32550	0	675	50	0	0	302364	472119	0	0	0.496673584
32395	0	677	49	0	0	767576	786798	1	0	0.494308472
33493	0	42	50	0	0	186166	467935	0	29416	0.511062622
14631	0	796	50	1	0	19285	19286	0	0	0.223251343
32448	0	685	50	0	0	946892	972041	1	0	0.495117188
32239	0	693	51	0	0	206132	355420	0	0	0.491928101
31979	0	696	50	0	0	315735	474029	0	0	0.487960815
31763	0	697	50	0	0	199083	478900	0	0	0.484664917
31819	0	712	47	0	0	1028055	0	1	0	0.485519409
31784	0	719	47	0	0	762343	0	1	0	0.484985352
32009	0	745	46	0	0	719541	2755896	1	0	0.488418579
33287	0	149	50	0	0	225412	472267	0	26450	0.507919312
12349	0	786	50	1	0	20471	20472	0	0	0.188430786
31690	0	755	50	0	0	896073	922459	1	0	0.483551025
32541	0	774	51	0	0	249067	360552	0	0	0.496536255
32761	0	627	50	0	0	389785	642770	0	25052	0.499893188
32185	0	785	48	0	0	1214175	1947990	1	0	0.491104126
19387	0	796	50	1	0	25258	25259	0	0	0.295822144
32673	0	818	50	0	0	1361344	1447388	1	0	0.498550415
32747	0	831	51	0	0	222785	524384	0	0	0.499679565
31204	0	799	50	0	0	583974	995031	0	0	0.476135254
31542	0	833	50	0	0	333094	728832	0	0	0.481292725
31752	0	856	50	0	0	485532	659248	0	0	0.48449707
31975	0	7	48	0	0	1265702	1786968	1	0	0.48789978
31744	0	883	50	0	0	176536	349736	0	0	0.484375
32614	0	13	50	0	0	130711	252504	0	0	0.497650146
29306	0	786	50	1	0	19072	19072	0	0	0.447174072
31378	0	18	50	0	0	1419026	1471492	1	0	0.478790283
32023	0	20	51	0	0	315919	717008	0	0	0.488632202
31674	0	22	48	0	0	1344107	1739756	1	0	0.483306885
32163	0	30	50	0	0	185295	339081	0	0	0.490768433
32331	0	40	50	0	0	263409	627912	0	0	0.493331909
32556	0	44	48	0	0	1048503	1353412	1	0	0.496765137
32654	0	47	50	0	0	194934	344912	0	0	0.498260498
32747	0	773	50	0	0	242942	278642	0	2064	0.499679565
12994	0	796	50	1	0	17767	17767	0	0	0.198272705
32765	0	51	50	0	0	1037468	1061152	1	0	0.499954224
32544	0	59	51	0	0	195090	446562	0	0	0.496582031
32147	0	80	50	0	0	158069	631570	0	0	0.490524292
31807	0	100	48	0	0	1114468	1330448	1	0	0.485336304
32121	0	112	50	0	0	199253	349980	0	0	0.490127563
31999	0	102	50	0	0	132782	624315	0	0	0.488265991
29565	0	799	48	1	30895	250142	537701	1	0	0.451126099
32201	0	132	50	0	0	186215	342229	0	0	0.491348267
32422	0	142	50	0	0	168011	297968	0	0	0.494720459
32465	0	146	50	0	0	202870	360777	0	0	0.495376587
32760	0	150	50	0	0	173788	496144	0	0	0.49987793
32751	0	580	48	0	0	1106739	1512637	1	32751	0.499740601
14923	0	818	50	1	0	18254	18254	0	0	0.227706909
32236	0	155	50	0	0	998308	1021887	1	0	0.491882324
31757	0	157	49	0	0	876078	894965	1	0	0.484573364
33175	0	162	50	0	0	707949	1026127	0	0	0.506210327
33216	0	192	50	0	0	173909	402686	0	0	0.506835938
32762	0	657	48	0	0	964944	1347193	1	32762	0.499908447
15852	0	831	50	1	0	14493	14493	0	0	0.241882324
32343	0	194	50	0	0	1010284	1039736	1	0	0.493515015
32491	0	206	51	0	0	149771	308924	0	0	0.495773315
31541	0	202	50	0	0	188832	339408	0	0	0.481277466
31588	0	212	50	0	0	157896	309647	0	0	0.481994629
31557	0	214	49	0	0	135366	296986	0	0	0.481521606
31860	0	225	50	0	0	250950	420912	0	0	0.48614502
28940	0	833	50	1	0	27195	27196	0	0	0.441589355
31744	0	242	50	0	0	1087766	1113923	1	0	0.484375
32425	0	267	51	0	0	89282	202423	0	0	0.494766235
31971	0	286	50	0	0	162469	318085	0	0	0.487838745
32527	0	276	50	0	0	210190	363063	0	0	0.496322632
31967	0	291	50	0	0	301961	457520	0	0	0.48777771
31988	0	298	49	0	0	848694	867520	1	0	0.488098145
32367	0	293	50	0	0	157495	306511	0	0	0.493881226
32743	0	450	50	0	0	414886	414887	0	32743	0.49961853
12545	0	856	50	1	12545	242931	326888	1	0	0.191421509
32329	0	300	51	0	0	162814	263106	0	0	0.493301392
31933	0	315	50	0	0	141966	632147	0	0	0.487258911
32208	0	321	48	0	0	811549	986049	1	0	0.491455078
32480	0	329	50	0	0	282104	424600	0	0	0.495605469
32297	0	334	49	0	0	782586	803186	1	0	0.49281311
32688	0	349	50	0	0	643041	696038	0	0	0.498779297
32744	0	581	50	0	0	247159	303133	0	6202	0.499633789
11426	0	883	50	1	0	49878	49878	0	0	0.174346924
31958	0	343	50	0	0	1001463	1022017	1	0	0.487640381
31925	0	355	51	0	0	163509	307049	0	0	0.487136841
31944	0	364	50	0	0	167791	315077	0	0	0.487426758
32139	0	373	49	0	0	745381	763773	1	0	0.490402222
32709	0	416	50	0	0	186888	337002	0	0	0.499099731
32748	0	407	50	0	0	199617	332425	0	0	0.499694824
31010	0	856	50	1	0	29236	29236	0	0	0.473175049
32542	0	379	50	0	0	1070867	1096259	1	0	0.496551514
32745	0	454	50	0	0	413086	413087	0	32745	0.499649048
32483	0	421	49	0	0	972642	1005416	1	0	0.495651245
30358	0	581	50	1	0	31155	31156	0	0	0.463226318
32466	0	425	50	0	0	1040040	1064463	1	0	0.495391846
32358	0	429	51	0	0	114840	217606	0	0	0.493743896
32059	0	438	50	0	0	196167	337031	0	0	0.489181519
31672	0	435	50	0	0	247752	389696	0	0	0.483276367
32225	0	445	48	0	0	929451	1226144	1	0	0.491714478
32254	0	447	50	0	0	226273	366727	0	0	0.492156982
32536	0	453	50	0	0	158882	305912	0	0	0.496459961
32155	0	459	50	0	0	161480	439499	0	0	0.490646362
32669	0	643	48	0	0	918235	1287615	1	32669	0.49848938
13094	0	856	50	1	0	18902	18903	0	0	0.199798584
32766	0	221	50	0	0	885913	1063466	1	32766	0.499969482
28343	0	581	49	1	28342	123542	264726	0	0	0.432479858
32478	0	464	50	0	0	215167	353758	0	0	0.495574951
32485	0	468	50	0	0	266176	417349	0	0	0.495681763
32257	0	473	50	0	0	177127	338022	0	0	0.492202759
32243	0	477	50	0	0	204940	348590	0	0	0.491989136
32081	0	482	50	0	0	167497	458450	0	0	0.489517212
32257	0	486	48	0	0	895971	1118142	1	0	0.492202759
32695	0	488	50	0	0	179101	324887	0	0	0.498886108
32733	0	497	50	0	0	176275	335481	0	0	0.499465942
29325	0	643	50	1	0	29404	29405	0	0	0.447463989
32182	0	499	50	0	0	1172029	1193540	1	0	0.49105835
32399	0	500	51	0	0	133612	192869	0	0	0.494369507
32149	0	501	50	0	0	130850	282279	0	0	0.49055481
31893	0	503	49	0	0	841039	863407	1	0	0.48664856
32455	0	504	50	0	0	171697	325451	0	0	0.495223999
32356	0	512	50	0	0	192717	341965	0	0	0.493713379
30669	0	856	50	1	0	32613	32613	0	0	0.467971802
31965	0	521	50	0	0	1215381	1250369	1	0	0.487747192
32257	0	522	51	0	0	188891	334905	0	0	0.492202759
32421	0	523	50	0	0	211859	356856	0	0	0.4947052
32764	0	391	50	0	0	253729	441757	0	6431	0.499938965
26345	0	643	48	1	26346	120549	510414	1	0	0.401992798
32424	0	526	50	0	0	251873	390913	0	0	0.494750977
32418	0	528	50	0	0	314726	463298	0	0	0.494659424
32295	0	531	50	0	0	179504	329076	0	0	0.492782593
32510	0	539	50	0	0	154234	275589	0	0	0.496063232
32469	0	541	50	0	0	154493	397391	0	0	0.495437622
32233	0	543	48	0	0	890558	1082126	1	0	0.491836548
30987	0	856	49	1	30987	197056	336974	1	0	0.472824097
32754	0	544	50	0	0	238340	386890	0	0	0.499786377
32660	0	548	50	0	0	316388	460854	0	0	0.498352051
32234	0	547	50	0	0	304228	448795	0	0	0.491851807
32642	0	552	50	0	0	202185	358941	0	0	0.498077393
32409	0	555	50	0	0	169432	328896	0	0	0.494522095
32580	0	556	50	0	0	206641	490001	0	0	0.497131348
32633	0	567	48	0	0	902289	1146578	1	0	0.497940063
32665	0	570	50	0	0	245567	390839	0	0	0.498428345
26160	0	643	50	1	0	29747	29749	0	0	0.399169922
32176	0	574	50	0	0	1106737	1140588	1	0	0.490966797
32661	0	575	51	0	0	143012	243964	0	0	0.49836731
32189	0	579	50	0	0	229528	369812	0	0	0.491165161
32424	0	584	50	0	0	249133	404663	0	0	0.494750977
32140	0	585	48	0	0	866439	1143306	1	0	0.49041748
32740	0	608	50	0	0	764681	0	0	32740	0.499572754
32655	0	748	48	0	0	797256	1852117	1	32655	0.498275757
6773	0	856	50	1	0	18248	18249	0	0	0.103347778
32142	0	588	50	0	0	831392	847973	1	0	0.490447998
32351	0	589	51	0	0	140965	278559	0	0	0.493637085
31641	0	595	50	0	0	198374	360138	0	0	0.482803345
31834	0	607	49	0	0	775132	795259	1	0	0.485748291
31984	0	612	50	0	0	167918	309619	0	0	0.488037109
32179	0	627	50	0	0	180173	484559	0	0	0.491012573
32767	0	652	48	0	0	870842	1254452	1	32767	0.499984741
12864	0	643	50	1	0	24138	24139	0	0	0.196289063
31652	0	632	50	0	0	915568	930898	1	0	0.482971191
32288	0	637	51	0	0	144405	205928	0	0	0.492675781
32764	0	538	50	0	0	256004	606498	0	17838	0.499938965
32234	0	639	48	0	0	800575	1186047	1	0	0.491851807
19697	0	748	50	1	0	20598	20598	0	0	0.300552368
32403	0	667	50	0	0	959234	978207	1	0	0.494430542
32472	0	828	51	0	0	402532	402532	0	32472	0.495483398
32193	0	669	49	0	0	1080325	1106043	1	0	0.491226196
32311	0	674	50	0	0	207990	341583	0	0	0.493026733
29763	0	856	50	1	0	28305	28306	0	0	0.454147339
32036	0	677	50	0	0	988850	1002175	1	0	0.488830566
32194	0	675	50	0	0	139663	243358	0	0	0.491241455
32014	0	685	50	0	0	238911	429778	0	0	0.488494873
32150	0	693	50	0	0	232610	385937	0	0	0.490570068
32757	0	694	50	0	0	201384	471941	0	28722	0.499832153
17217	0	748	50	1	0	21457	21459	0	0	0.262710571
32018	0	696	50	0	0	966184	1011151	1	0	0.488555908
32092	0	697	51	0	0	115056	168867	0	0	0.489685059
31236	0	700	50	0	0	208469	357285	0	0	0.476623535
32265	0	708	50	0	0	823101	1140956	0	0	0.492324829
32076	0	712	49	0	0	142602	294142	0	0	0.489440918
32690	0	719	50	0	0	729702	779113	0	0	0.498809814
32505	0	745	50	0	0	196361	345693	0	0	0.495986938
28789	0	828	50	1	0	34112	34114	0	0	0.439285278
31890	0	755	50	0	0	987633	1015618	1	0	0.486602783
31911	0	761	51	0	0	217009	370474	0	0	0.486923218
31796	0	773	50	0	0	294489	437795	0	0	0.485168457
31815	0	774	50	0	0	179917	399760	0	0	0.485458374
31646	0	786	48	0	0	854833	1071893	1	0	0.482879639
32071	0	799	50	0	0	713328	789420	0	0	0.489364624
32115	0	796	50	0	0	206662	360857	0	0	0.490036011
26051	0	856	50	1	0	27463	27464	0	0	0.397506714
32756	0	756	50	0	0	1224712	1416589	1	32756	0.499816895
32154	0	818	49	0	0	136707	277956	0	0	0.490631104
32316	0	831	50	0	0	176919	340559	0	0	0.493103027
29573	0	828	50	1	0	32676	32676	0	0	0.451248169
31896	0	833	50	0	0	993923	1011748	1	0	0.486694336
32406	0	7	51	0	0	186249	330200	0	0	0.494476318
31471	0	883	50	0	0	192097	354510	0	0	0.480209351
31734	0	13	50	0	0	141657	299931	0	0	0.484222412
31800	0	18	50	0	0	200281	393147	0	0	0.485229492
31611	0	22	48	0	0	839245	1080779	1	0	0.482345581
29260	0	856	50	1	0	34594	34594	0	0	0.446472168
32103	0	30	50	0	0	1053512	1081917	1	0	0.489852905
32725	0	40	51	0	0	116111	136756	0	0	0.499343872
32687	0	42	50	0	0	118070	199352	0	0	0.498764038
32373	0	868	50	0	0	238515	511308	0	20833	0.493972778
32620	0	44	48	0	0	857626	1230149	1	0	0.497741699
22091	0	883	50	1	0	23919	23921	0	0	0.337081909
32738	0	51	50	0	0	992156	1026273	1	0	0.499542236
32730	0	59	51	0	0	118859	192619	0	0	0.499420166
31786	0	47	50	0	0	157820	319114	0	0	0.485015869
31746	0	80	50	0	0	143982	279003	0	0	0.484405518
31798	0	102	50	0	0	208043	502719	0	0	0.485198975
32267	0	112	48	0	0	861799	1103320	1	0	0.492355347
32761	0	142	50	0	0	725945	774242	0	0	0.499893188
32324	0	856	50	1	0	38154	38155	0	0	0.493225098
32379	0	146	50	0	0	1040324	1069936	1	0	0.494064331
31116	0	150	49	0	0	1010366	1027889	1	0	0.47479248
31710	0	149	50	0	0	316399	427508	0	0	0.483856201
31438	0	155	50	0	0	269955	426780	0	0	0.479705811
31150	0	157	48	0	0	843441	1160529	1	0	0.475311279
32200	0	162	50	0	0	189271	334958	0	0	0.491333008
32291	0	194	50	0	0	190514	430015	0	0	0.492721558
31156	0	868	48	1	32447	272402	604958	1	0	0.475402832
32470	0	192	50	0	0	125442	233816	0	0	0.495452881
32579	0	202	50	0	0	204664	340521	0	0	0.497116089
32462	0	206	50	0	0	178865	299312	0	0	0.495330811
32504	0	212	50	0	0	151918	390204	0	0	0.49597168
32514	0	214	48	0	0	973958	1159581	1	0	0.496124268
32722	0	221	50	0	0	238100	379785	0	0	0.499298096
32760	0	628	50	0	0	443008	443010	0	32760	0.49987793
11796	0	883	50	1	11796	258635	336768	1	0	0.179992676
32522	0	238	51	0	0	153682	251879	0	0	0.496246338
32191	0	242	50	0	0	199208	355393	0	0	0.491195679
32732	0	286	50	0	0	199389	323849	0	0	0.499450684
32340	0	267	50	0	0	159537	368748	0	0	0.493469238
32631	0	291	48	0	0	816050	1009881	1	0	0.497909546
29153	0	868	49	1	29153	188221	313027	1	0	0.444839478
32752	0	276	50	0	0	116656	172102	0	0	0.499755859
32746	0	293	50	0	0	160425	287195	0	0	0.499664307
32745	0	298	50	0	0	135254	253119	0	0	0.499649048
32713	0	334	50	0	0	230260	361260	0	0	0.499160767
32129	0	315	50	0	0	174310	387770	0	0	0.490249634
31959	0	321	48	0	0	848973	1062750	1	0	0.48765564
31943	0	329	50	0	0	192465	331234	0	0	0.487411499
31828	0	883	50	1	0	30154	30154	0	0	0.485656738
32040	0	343	50	0	0	1183358	1207737	1	0	0.488891602
32765	0	347	51	0	0	485480	485480	0	32765	0.499954224
32623	0	349	49	0	0	954163	989043	1	0	0.497787476
32301	0	885	50	0	0	219709	235903	0	1288	0.492874146
12942	0	868	50	1	0	18883	18884	0	0	0.197479248
32109	0	373	50	0	0	1081037	1102845	1	0	0.489944458
32139	0	355	51	0	0	151249	263019	0	0	0.490402222
31653	0	364	49	0	0	862448	898218	1	0	0.48298645
31895	0	379	50	0	0	722613	908267	0	0	0.486679077
32044	0	391	50	0	0	178068	318564	0	0	0.488952637
33385	0	256	50	0	0	764330	982665	0	33381	0.509414673
12697	0	883	50	1	0	16966	16967	0	0	0.193740845
31966	0	416	50	0	0	843343	863589	1	0	0.487762451
32731	0	407	51	0	0	107399	182770	0	0	0.499435425
31906	0	425	50	0	0	152566	308640	0	0	0.486846924
31693	0	429	50	0	0	208153	593880	0	0	0.483596802
31768	0	435	48	0	0	1031224	1283912	1	0	0.484741211
32254	0	438	50	0	0	162846	334894	0	0	0.492156982
31691	0	885	50	1	0	30894	30895	0	0	0.483566284
32363	0	445	50	0	0	1110568	1144739	1	0	0.49382019
32475	0	450	51	0	0	248030	384599	0	0	0.495529175
32219	0	453	50	0	0	169995	325123	0	0	0.491622925
32301	0	454	50	0	0	233388	373634	0	0	0.492874146
32757	0	459	50	0	0	182075	585305	0	0	0.499832153
32377	0	468	48	0	0	974567	1199578	1	0	0.494033813
32693	0	473	50	0	0	297080	433456	0	0	0.498855591
27188	0	883	50	1	0	33295	33296	0	0	0.414855957
32712	0	482	50	0	0	1085527	1114722	1	0	0.499145508
32737	0	822	51	0	0	519436	519437	0	32737	0.499526978
31668	0	477	49	0	0	1065218	1085589	1	0	0.483215332
32034	0	488	50	0	0	287393	391581	0	0	0.488800049
30236	0	628	50	1	0	28594	28594	0	0	0.461364746
31857	0	497	50	0	0	1106756	1131880	1	0	0.486099243
32735	0	500	51	0	0	237869	386183	0	0	0.49949646
32479	0	499	50	0	0	117989	251421	0	0	0.49559021
32711	0	866	50	0	0	492764	492765	0	32711	0.499130249
25630	0	883	49	1	25630	306721	458434	1	0	0.391082764
32264	0	501	50	0	0	140097	292286	0	0	0.49230957
31985	0	503	50	0	0	215274	361330	0	0	0.488052368
32416	0	504	50	0	0	189120	331107	0	0	0.494628906
32496	0	521	50	0	0	204817	418097	0	0	0.495849609
32318	0	522	48	0	0	897008	1139015	1	0	0.493133545
32296	0	523	50	0	0	166669	334482	0	0	0.492797852
32435	0	526	50	0	0	178036	315293	0	0	0.494918823
31005	0	822	50	1	0	40868	40868	0	0	0.473098755
32696	0	528	50	0	0	1130613	1148529	1	0	0.498901367
32747	0	531	51	0	0	222575	347376	0	0	0.499679565
32612	0	538	50	0	0	207317	354458	0	0	0.497619629
32409	0	539	50	0	0	190940	503910	0	0	0.494522095
32657	0	541	48	0	0	993199	1223440	1	0	0.498306274
33457	0	61	50	0	0	755625	970050	0	33457	0.510513306
13406	0	866	50	1	0	19039	19040	0	0	0.204559326
32045	0	543	50	0	0	887511	911203	1	0	0.488967896
32662	0	544	51	0	0	191262	323725	0	0	0.498382568
32517	0	548	50	0	0	270139	424639	0	0	0.496170044
32187	0	552	50	0	0	200448	357977	0	0	0.491134644
32945	0	275	50	0	0	212910	500207	0	28913	0.502700806
17664	0	883	50	1	0	21590	21592	0	0	0.26953125
32109	0	555	50	0	0	1040347	1056616	1	0	0.489944458
32766	0	507	51	0	0	220637	242283	0	1706	0.499969482
32165	0	556	50	0	0	289250	442738	0	0	0.49079895
32757	0	559	50	0	0	863726	1420986	0	31866	0.499832153
12121	0	866	50	1	0	22419	22420	0	0	0.184951782
31413	0	567	50	0	0	1227548	1262822	1	0	0.479324341
31988	0	574	51	0	0	226788	394473	0	0	0.488098145
32087	0	575	50	0	0	314037	479753	0	0	0.489608765
31894	0	570	49	0	0	917502	965269	1	0	0.486663818
32756	0	572	50	0	0	201412	517451	0	28677	0.499816895
14006	0	883	50	1	0	18804	18804	0	0	0.2137146
31652	0	579	50	0	0	1305964	1319412	1	0	0.482971191
31810	0	580	51	0	0	466858	827103	0	0	0.48538208
31472	0	585	50	0	0	398566	723546	0	0	0.480224609
31791	0	581	50	0	0	163259	313831	0	0	0.485092163
31793	0	588	50	0	0	512711	648565	0	0	0.485122681
31697	0	589	48	0	0	1237032	1832654	1	0	0.483657837
31650	0	595	50	0	0	800740	497947	0	0	0.482940674
26804	0	866	48	1	28185	409406	1520908	1	0	0.408996582
32002	0	608	50	0	0	581042	979768	0	0	0.488311768
31329	0	607	50	0	0	170633	327854	0	0	0.478042603
31504	0	612	50	0	0	208417	422710	0	0	0.480712891
32726	0	441	50	0	0	603600	603600	0	32726	0.499359131
24538	0	883	49	1	24538	294068	445045	1	0	0.374420166
32268	0	627	50	0	0	161752	285645	0	0	0.492370605
32255	0	632	50	0	0	168401	326816	0	0	0.492172241
32027	0	639	50	0	0	476353	798196	0	0	0.488693237
31754	0	637	50	0	0	347466	503145	0	0	0.484527588
31428	0	643	48	0	0	1398246	1827911	1	0	0.479553223
31865	0	652	50	0	0	159498	619759	0	0	0.486221313
31775	0	669	50	0	0	438171	564801	0	0	0.484848022
31884	0	674	48	0	0	1433461	1953451	1	0	0.48651123
31953	0	675	50	0	0	679480	1023429	0	0	0.487564087
24326	0	866	50	1	0	29379	29380	0	0	0.371185303
32086	0	685	50	0	0	1111458	1139441	1	0	0.489593506
32152	0	677	51	0	0	154755	300851	0	0	0.490600586
31256	0	693	50	0	0	191676	347202	0	0	0.476928711
31690	0	694	49	0	0	764751	790416	0	0	0.483551025
32344	0	696	50	0	0	243828	401405	0	0	0.493530273
31106	0	883	50	1	0	27991	27992	0	0	0.474639893
32079	0	700	50	0	0	1045640	1070484	1	0	0.489486694
32431	0	708	51	0	0	147449	293851	0	0	0.494857788
31789	0	712	50	0	0	327559	471089	0	0	0.485061646
31045	0	719	50	0	0	169309	326022	0	0	0.473709106
31887	0	745	50	0	0	145869	468505	0	0	0.486557007
32110	0	755	48	0	0	825550	1003513	1	0	0.489959717
32037	0	756	50	0	0	167338	311245	0	0	0.488845825
31917	0	748	50	0	0	174443	262064	0	0	0.487014771
24098	0	866	50	1	0	35021	35022	0	0	0.367706299
31594	0	761	50	0	0	1063275	1104442	1	0	0.482086182
32047	0	773	51	0	0	137342	528625	0	0	0.488998413
31814	0	774	48	0	0	831356	1001038	1	0	0.485443115
31845	0	796	50	0	0	176044	331217	0	0	0.485916138
31983	0	799	50	0	0	199637	378487	0	0	0.488021851
32694	0	765	48	0	0	1006726	1421698	1	32694	0.49887085
15386	0	883	50	1	0	20398	20399	0	0	0.234771729
32631	0	798	50	0	0	1027313	1213940	1	32631	0.497909546
32412	0	818	50	0	0	224174	361784	0	0	0.494567871
32034	0	866	50	1	0	39096	39096	0	0	0.488800049
32668	0	828	50	0	0	1174978	1189091	1	0	0.498474121
32725	0	857	51	0	0	438561	438562	0	32725	0.499343872
32080	0	833	49	0	0	1107211	1142557	1	0	0.489501953
32655	0	13	50	0	0	320179	458069	0	0	0.498275757
31639	0	831	50	0	0	156052	323614	0	0	0.482772827
28507	0	883	50	1	0	27083	27084	0	0	0.4349823
31508	0	868	50	0	0	965817	977149	1	0	0.480773926
32379	0	7	51	0	0	138118	246796	0	0	0.494064331
32269	0	18	50	0	0	103683	167005	0	0	0.492385864
32456	0	22	50	0	0	150043	486163	0	0	0.495239258
31836	0	30	48	0	0	894355	1093885	1	0	0.485778809
30719	0	866	50	1	0	32211	32211	0	0	0.468734741
32319	0	40	50	0	0	1072516	1102859	1	0	0.493148804
32307	0	42	51	0	0	162723	294123	0	0	0.492965698
31841	0	44	50	0	0	134285	296216	0	0	0.485855103
31774	0	47	50	0	0	165761	297955	0	0	0.484832764
31786	0	51	50	0	0	161156	459423	0	0	0.485015869
31449	0	59	48	0	0	868823	1066570	1	0	0.479873657
32426	0	80	50	0	0	215659	358177	0	0	0.494781494
26425	0	868	50	1	0	31768	31768	0	0	0.403213501
32307	0	102	50	0	0	1047796	1079145	1	0	0.492965698
32662	0	112	51	0	0	120746	200978	0	0	0.498382568
32217	0	142	50	0	0	137156	239841	0	0	0.491592407
32017	0	146	50	0	0	111677	190455	0	0	0.488540649
31770	0	149	50	0	0	139419	490789	0	0	0.484771729
32058	0	155	48	0	0	827233	1005045	1	0	0.48916626
32084	0	162	50	0	0	171208	392141	0	0	0.489562988
31870	0	883	48	1	32881	263843	574886	1	0	0.486297607
32145	0	157	50	0	0	169464	305704	0	0	0.490493774
32093	0	192	50	0	0	270434	433386	0	0	0.489700317
32469	0	194	50	0	0	143577	286470	0	0	0.495437622
32585	0	202	50	0	0	138562	247686	0	0	0.497207642
32541	0	206	50	0	0	175262	412951	0	0	0.496536255
32161	0	212	48	0	0	833001	1050906	1	0	0.490737915
32561	0	214	50	0	0	214151	360913	0	0	0.496841431
26236	0	868	50	1	0	31384	31384	0	0	0.40032959
32367	0	238	50	0	0	1127398	1153791	1	0	0.493881226
32760	0	242	51	0	0	138705	241244	0	0	0.49987793
32496	0	256	50	0	0	125514	234971	0	0	0.495849609
32071	0	267	50	0	0	170495	386035	0	0	0.489364624
32135	0	276	48	0	0	990586	1212134	1	0	0.490341187
31389	0	883	50	1	0	34722	34723	0	0	0.47895813
32723	0	710	50	0	0	1210868	1405909	1	32723	0.499313354
32662	0	823	50	0	0	568394	568394	0	32662	0.498382568
19590	0	868	49	1	19590	253895	377686	1	0	0.298919678
31794	0	286	50	0	0	148120	298204	0	0	0.485137939
32008	0	293	50	0	0	165077	317582	0	0	0.48840332
31778	0	298	50	0	0	159272	552743	0	0	0.484893799
31600	0	315	48	0	0	1052651	1256207	1	0	0.482177734
31890	0	321	50	0	0	160891	299042	0	0	0.486602783
32667	0	841	50	0	0	215448	370247	0	16809	0.498458862
15463	0	883	49	1	15463	117430	209467	1	0	0.235946655
32153	0	334	50	0	0	200255	356810	0	0	0.490615845
31738	0	343	50	0	0	207919	358462	0	0	0.484283447
32225	0	347	50	0	0	162800	314679	0	0	0.491714478
32662	0	355	50	0	0	153673	514516	0	0	0.498382568
32072	0	364	48	0	0	964859	1170797	1	0	0.489379883
32671	0	855	50	0	0	224709	537603	0	24561	0.498519897
28328	0	868	48	1	29232	226170	565569	1	0	0.432250977
32619	0	872	50	0	0	402831	402833	0	32619	0.49772644
31934	0	373	49	0	0	1030864	0	1	0	0.48727417
32557	0	379	48	0	0	816901	1876240	1	0	0.496780396
32569	0	407	50	0	0	196532	334704	0	0	0.496963501
33242	0	141	50	0	0	491431	491432	0	33242	0.507232666
12776	0	883	50	1	12776	290141	370328	1	0	0.194946289
32524	0	391	51	0	0	154374	204077	0	0	0.496276855
31735	0	416	50	0	0	154658	270574	0	0	0.484237671
31658	0	425	50	0	0	156932	474768	0	0	0.483062744
31779	0	429	48	0	0	924694	1118207	1	0	0.484909058
29309	0	868	49	1	29309	182099	324250	1	0	0.447219849
31841	0	438	50	0	0	154576	479882	0	0	0.485855103
31563	0	445	48	0	0	1055162	1258755	1	0	0.481613159
31717	0	450	50	0	0	197211	358640	0	0	0.483963013
31833	0	453	50	0	0	156958	331217	0	0	0.485733032
32387	0	454	50	0	0	154267	262897	0	0	0.494186401
32501	0	459	50	0	0	192904	608679	0	0	0.495925903
32765	0	431	48	0	0	1048181	1454004	1	32765	0.499954224
14883	0	710	50	1	0	19240	19241	0	0	0.227096558
31391	0	468	50	0	0	1142333	1161892	1	0	0.478988647
32491	0	473	51	0	0	187554	236027	0	0	0.495773315
31723	0	477	50	0	0	161634	648554	0	0	0.484054565
31384	0	482	48	0	0	1154724	1364374	1	0	0.478881836
31434	0	488	49	0	0	840222	0	0	0	0.479644775
32174	0	497	48	0	0	914237	1819074	1	0	0.490936279
32566	0	499	50	0	0	252394	408358	0	0	0.496917725
27399	0	454	50	1	0	26479	26480	0	0	0.418075562
32146	0	500	50	0	0	1186029	1205648	1	0	0.490509033
32521	0	501	51	0	0	124545	147718	0	0	0.496231079
31972	0	503	50	0	0	164065	299010	0	0	0.487854004
31910	0	504	50	0	0	201611	361633	0	0	0.486907959
31896	0	507	49	0	0	856792	880583	1	0	0.486694336
32541	0	521	50	0	0	153935	299374	0	0	0.496536255
32608	0	523	50	0	0	173308	322789	0	0	0.497558594
31864	0	459	50	1	0	32646	32647	0	0	0.486206055
32217	0	522	50	0	0	1062693	1087832	1	0	0.491592407
32221	0	526	51	0	0	167441	273977	0	0	0.491653442
32193	0	528	50	0	0	158772	329843	0	0	0.491226196
32085	0	531	50	0	0	156835	536783	0	0	0.489578247
32259	0	538	48	0	0	976776	1214208	1	0	0.492233276
27650	0	468	49	1	27650	180688	447746	1	0	0.421905518
32179	0	539	50	0	0	180913	441462	0	0	0.491012573
32116	0	544	50	0	0	303215	493852	0	0	0.49005127
31495	0	541	50	0	0	326979	520667	0	0	0.480575562
31957	0	548	48	0	0	1291932	1710774	1	0	0.487625122
32025	0	552	50	0	0	351347	743535	0	0	0.48866272
32753	0	480	50	0	0	496644	1172562	0	24635	0.499771118
17732	0	473	50	1	0	22575	22576	0	0	0.270568848
32736	0	555	50	0	0	1213453	1239442	1	0	0.499511719
32749	0	559	51	0	0	152569	269190	0	0	0.499710083
32151	0	567	50	0	0	165272	493281	0	0	0.490585327
32318	0	570	50	0	0	184713	468680	0	0	0.493133545
32174	0	477	48	1	32174	380703	884155	1	0	0.490936279
32180	0	572	50	0	0	747078	1182755	0	0	0.491027832
31597	0	574	50	0	0	168706	466402	0	0	0.482131958
32343	0	579	48	0	0	943281	1155632	1	0	0.493515015
32222	0	580	50	0	0	1098586	1544872	0	0	0.491668701
32499	0	581	50	0	0	631050	1132556	0	0	0.495895386
32692	0	585	50	0	0	848350	1242304	0	0	0.498840332
31892	0	588	49	0	0	1080735	1117559	1	0	0.486633301
32731	0	599	50	0	0	510983	1421595	0	28652	0.499435425
14815	0	480	50	1	0	23067	23068	0	0	0.22605896
31810	0	589	50	0	0	1009174	1058670	1	0	0.48538208
32269	0	595	51	0	0	136066	248556	0	0	0.492385864
31743	0	607	50	0	0	397048	949458	0	0	0.484359741
31514	0	608	50	0	0	462934	508880	0	0	0.480865479
31858	0	612	48	0	0	1783830	2400474	1	0	0.486114502
32632	0	627	50	0	0	800372	490463	0	0	0.497924805
32642	0	662	48	0	0	1629462	2646433	1	32642	0.498077393
14194	0	482	50	1	0	17645	17646	0	0	0.216583252
32135	0	628	50	0	0	1954133	2062334	1	0	0.490341187
