5436
6563
6213
5808
8221
6090
6162
7040
6278
7986
5885
5850
5790
6199
6064
6118
8604
5487
7116
6880
6882
7144
8770
8869
5971
6551
8009
8471
6135
5758
6272
6612
6053
5820
6486
6079
5085
6837
6730
6328
7035
7264
7264
7629
5779
6327
5920
6314
6314
6235
6196
6947
6180
8965
5661
6482
6753
7793
8395
6305
6371
8006
6667
593
5726
6756
5974
7864
6276
5709
6482
7058
5631
1384
5771
5756
6173
6879
6869
8107
5315
6893
6777
5745
7373
7374
8152
6299
6125
6281
6328
6014
5767
6831
6702
23957
23957
24137
24137
7757
6326
7034
23924
3687
7605
6065
24067
24140
16430
23832
24183
24012
24012
24030
24030
5420
119
5345
24172
6443
7138
6713
24071
24019
24019
24156
17190
5147
6111
7169
24259
6551
24091
24231
23126
3405
24118
24083
24083
24106
5929
7831
7455
4877
24117
198
24069
24069
4245
24264
24052
24052
4238
6408
6485
5079
6196
6575
8092
24193
24193
8956
24172
24245
7104
23941
23941
24234
24234
7290
6846
24297
24181
19881
5308
23964
23964
24050
24050
5797
3238
24322
7815
24174
24215
10413
24157
23982
24124
24124
7669
6146
6252
24228
24134
24134
24065
24112
6755
24281
24281
23966
5234
3458
6823
24122
6869
6920
24267
4297
7103
24037
24178
24178
24336
24336
7725
7482
7932
6075
6393
7752
24137
24137
23882
5317
24132
23940
24154
24092
24092
24024
24024
8097
24259
24259
24258
5982
24077
24212
7245
4629
8104
7032
8592
24320
6400
6411
7006
6869
6712
7262
5279
6609
5111
15534
8825
833
6772
1393
156
5997
7625
7188
7351
6084
7928
7928
4860
7537
4946
81
7956
6726
8221
6844
150
5585
5472
7807
6101
6594
6533
6752
5816
5816
8527
9138
7400
6614
8309
5661
5661
6641
5002
8648
925
7562
6255
7966
6110
7037
5914
4315
5332
8032
5285
4303
6333
6386
3927
6433
6767
6422
9300
6564
7021
6498
6347
4715
3595
6830
3541
6732
7313
9010
6260
5385
8784
8807
4088
7719
7643
6813
9380
7432
6799
6726
8300
5446
7325
7486
8771
4519
7995
8470
5326
994
7267
8884
5776
6450
8342
8593
6782
5955
9974
7925
6272
6996
9135
8997
9013
8433
252
7169
5412
358
6249
6396
7096
5657
5635
7683
7284
6750
7758
6755
6007
4580
6510
5815
6296
270
1398
11253
6866
5914
6261
4680
5023
6659
10463
7759
6759
7709
2506
7909
9631
6397
6397
593
7238
6370
5737
6446
8113
8058
2473
275
6919
5950
3371
6998
4856
1312
5938
7591
6571
6421
7094
7056
878
1421
8407
6824
5097
4983
11984
7311
8880
5870
5502
5884
9767
1845
7221
1982
8234
4993
352
8102
8062
7493
7493
6562
3197
9370
3602
4519
7184
4434
5028
336
5742
9564
3568
7263
478
4354
9193
341
9437
7207
9693
7405
7902
8842
4206
2642
8788
8297
9676
9382
7757
75
3214
6300
10510
11717
4525
6897
11710
2256
8454
8385
6703
5454
5202
5994
6346
7322
3598
424
5941
7674
10362
8320
8824
4988
11562
6559
4485
6766
8499
6633
10586
9672
7103
5533
9652
8536
6373
10232
8920
9827
8862
7838
3354
6239
5095
7525
7483
6698
7335
5171
7574
7938
3576
4933
4791
7796
6003
4970
7567
7532
5978
6775
6039
6326
2058
5065
5859
7438
5795
5562
8594
6876
167
7337
13835
8204
1252
5495
11042
5200
7920
10058
137
9948
9800
6523
7197
7496
8101
8349
261
7701
5984
11080
12279
7030
5729
3044
6192
8134
6891
6759
4590
5506
5541
6438
1298
6956
6875
4723
7366
11951
5621
6053
5625
3660
8694
7654
7027
7382
7421
7876
4006
8224
1553
6198
6102
6669
8159
8571
7151
8110
11061
6618
6806
9652
7562
8111
7883
8076
8235
9043
8831
7217
12109
9255
7341
10014
9343
3565
289
161
12074
5684
6548
6548
6358
6184
746
14496
14496
6992
12105
13082
8674
8129
5595
142
6030
5617
5125
10348
6958
7503
15042
11826
11293
11293
5520
5520
8097
8321
8631
9582
6861
8654
15937
7231
9681
6275
7054
7042
7633
8136
8797
7051
16045
5797
5810
15935
4832
17064
16801
7274
17025
11857
15748
4472
16280
9100
15828
9354
17037
9356
6750
7230
2061
17130
16838
6826
5666
18519
12053
616
17327
7877
8324
7974
6806
8623
5616
5190
5554
18750
18929
18929
7376
7376
9106
18623
24034
24034
6587
6424
6692
7887
7372
7606
14462
13764
23411
9659
19189
19207
12336
10481
21515
5758
23800
7174
6961
5122
19641
15310
20227
14860
5596
5639
24056
24191
23957
19967
19484
24092
15450
24198
24198
24090
7858
6281
20415
13316
18485
1381
19252
7502
6945
6703
6398
7749
7667
7308
19209
9522
7125
123
7974
7010
5719
7067
5589
5741
5913
21771
22100
12675
7607
7607
5082
6065
6565
25874
22789
22225
20557
20064
21747
20933
7487
4319
336
25740
3511
22243
431
7512
5317
25076
5739
7395
6255
6801
6801
23424
18563
9464
21185
12594
7281
6763
9854
7984
5693
5239
6947
7065
23292
16080
22998
16521
5719
23007
15141
395
4376
8139
6168
21922
9392
7978
4163
4593
7409
23610
18109
23208
20096
26729
26729
26449
22455
7027
5331
5336
229
8702
7888
160
5879
22529
14815
24019
26976
22156
24915
15657
7993
6517
26058
21038
9400
9140
7434
24740
18326
25555
19265
6612
7019
8176
8176
6448
8700
69
26228
26207
531
27901
8096
7918
8287
27862
5365
7189
7071
6660
3837
149
4628
28535
28380
6419
7162
26897
698
8087
26043
16727
4891
6704
7134
29056
7404
8411
26739
19078
6513
6723
26330
10922
7531
7823
7461
7918
3563
24040
6709
544
11053
11255
778
5355
5284
8372
8340
8252
5701
7863
30464
19927
141
1506
9239
6349
6208
363
4399
7746
14446
12859
6232
5788
9599
5997
6481
7320
7398
3350
7355
2697
5423
240
63
6588
8173
8736
7410
8859
5738
7639
12414
7091
8270
8004
692
8574
1096
6242
6856
31574
18911
3958
9892
6612
7904
8678
277
31839
18755
6183
7609
32458
18222
9223
6013
32432
18470
6806
7158
1028
5440
6105
14059
9031
7948
8198
8466
32013
4713
8934
10738
33065
7320
8094
8675
8077
8107
8807
8223
15122
1599
2881
12048
5811
248
2489
6649
2666
4725
6006
9718
7885
125
5193
4111
5358
6623
9866
7768
8115
11400
278
5211
9009
6647
6266
11078
7465
6812
34347
16627
6879
6672
8410
7057
321
282
9293
9262
6463
10673
4552
4924
5671
6188
6021
6995
5805
7279
8469
8100
351
35151
10866
8583
6335
6505
6911
7906
7397
7426
566
8320
7431
7363
6674
8127
7769
1079
6390
11641
7970
4864
8339
6825
6798
35448
15515
7703
3982
5660
4002
6828
292
10539
10660
7618
5623
11309
7314
5951
6351
5687
8115
6315
8736
7763
36794
8971
6776
10662
7120
7070
4975
9042
4864
6011
37063
843
7337
10711
5946
5515
570
7365
7533
12634
4869
8662
6566
6315
7952
7226
5566
5597
5575
893
6240
6301
6057
6119
11067
9758
10758
8453
5659
6780
6958
8437
5878
5585
8173
7602
8515
6135
2420
6628
8544
13090
8154
7312
9165
11098
6048
5552
6151
4813
4928
5922
7096
6989
10669
7205
6774
6292
6957
5738
7083
264
296
6179
6804
9703
7801
12326
3949
9100
9643
6667
8111
10085
6154
4713
334
5921
6140
6498
6302
7078
6842
6728
7152
7696
5548
5609
6265
5248
7160
1560
6457
7748
7577
7675
7932
8986
7896
8279
7146
7995
9051
5585
8685
4036
5061
9748
9153
660
6951
7625
5891
5299
5299
333
6397
7286
7229
7721
7089
6861
5582
5445
6867
6698
6887
8599
8986
6783
7358
8096
5152
5334
10749
6289
9002
6785
6913
1389
8831
5012
8083
9655
6059
5969
7312
6190
5682
6835
7034
6929
6862
6718
7125
6980
7306
8528
7435
6841
7363
7681
3026
5674
8357
7817
4993
6373
926
6739
6346
12807
8124
6824
8124
8594
8770
5058
10017
5711
8721
9129
6986
10447
4552
9285
1314
9479
2220
8422
1137
11341
11077
11463
5309
6026
14065
14336
13838
2020
15364
15713
10239
7463
8016
11042
15456
15456
9663
2884
15965
8872
23972
21752
6296
6296
6974
6974
17476
3373
16676
3638
16568
8806
8163
16061
6928
7125
16935
9410
7596
16430
6883
7452
5713
8208
6860
7471
23982
18959
5164
21609
21618
20743
9934
18126
11531
983
17567
17783
11819
18650
12143
313
17383
18565
19056
18510
10966
18650
11005
8064
4772
18582
18560
19242
9808
7140
19203
4728
6512
6622
8155
7388
6038
5724
6409
6464
7812
20631
20463
12549
6200
3606
20034
12031
12818
7044
20202
12421
6571
6888
7513
20910
25253
15550
4074
23957
7655
8153
22847
16026
21824
8218
4980
22455
23319
21572
15625
253
21034
13530
21536
13591
21831
14126
9272
11260
22971
485
9110
22034
12731
5612
5829
23446
23655
23561
6558
6204
6626
6618
9761
11313
26649
7020
7474
25475
18488
7165
6518
23797
22904
23721
7319
6765
8395
3315
24383
13476
25256
17239
25144
18168
25764
5042
26400
26466
5652
10753
6357
7257
7257
2019
860
10765
10211
5529
6320
7560
6139
517
8693
6439
371
6977
7289
6735
9902
28257
19677
7532
8307
8443
8091
28112
17751
130
28298
28927
4204
30018
16611
7221
6816
360
7734
5471
6326
6479
7684
8900
10260
4320
6197
6593
10269
30726
30725
30454
27008
7396
5892
1568
251
9989
7187
6697
7096
1649
10072
6527
6699
6822
1928
9713
6932
6710
7433
500
7793
7449
11080
7917
8480
554
799
33475
509
7267
9028
6087
10034
6126
7670
35316
33941
5472
5471
5323
3470
7650
14262
7757
7605
7979
6158
7097
10435
6784
5533
13792
5447
6295
6269
4754
8474
691
6246
7540
9725
578
34941
15933
8706
6014
5635
9396
9688
6757
136
5833
7041
6915
7661
15847
5087
7257
5850
6400
37566
6741
6122
7632
8098
10278
33276
3935
1698
7903
414
9333
4807
5583
6305
6369
6899
6786
171
9882
7051
11200
10800
4659
8831
47
4675
7617
38920
9695
13209
6472
6341
6489
7742
7296
38846
35639
39341
39341
9040
5765
6229
6539
7874
8828
5834
8120
6844
8057
333
1873
11634
6108
6605
7853
6204
39495
2609
2450
6766
6446
6077
14341
6487
6178
5995
343
2797
6104
38012
9947
6754
7391
8848
9657
7757
6871
3928
14788
2083
5824
37377
7031
6555
7198
7571
9971
760
7981
8623
4028
7135
7166
7779
9592
5405
7852
7854
7299
1154
3484
6418
40514
8475
57
8659
35991
38556
10318
5097
38957
7686
10765
10568
6641
6173
7687
843
5223
6440
7128
7023
9276
7540
8216
7861
7988
5334
5007
7800
8314
8314
792
6213
6732
5941
7033
4658
347
13921
5469
5473
7165
6188
7543
3461
5065
36081
13513
4400
6726
7275
7499
3242
7427
7296
9821
7547
8404
14643
8118
7995
5744
9101
8695
9556
37259
2403
545
8206
7057
8390
12499
8509
8650
6488
41967
5075
7185
5441
7442
5521
6596
6146
6921
5127
6403
7620
5268
7413
6961
6709
162
5797
7506
7181
8130
8195
6966
8429
7602
5980
8819
8798
9339
11027
4340
5602
6578
5133
7007
8858
42071
10737
7283
8566
7959
7048
6820
5409
6874
6556
7731
6842
6525
3676
6383
7922
8027
581
6562
7214
8088
9365
6402
6893
42478
26251
6693
7419
40251
12349
6772
416
5914
8437
8151
6442
43807
2927
42798
10045
42698
9557
351
2870
8051
4832
8505
103
7595
8851
5917
4426
9980
12909
43354
9066
43644
9125
8550
13278
13011
6726
6726
8130
8460
44350
7853
4467
5768
6804
10133
6375
6804
6850
7445
5432
6273
109
2171
9233
40683
8859
3017
5739
6394
3342
5738
5571
5571
8141
8302
8942
45215
3944
44895
9213
8557
8940
11042
6836
45032
8077
8338
7154
6682
13041
182
5308
5856
5495
8135
6366
5921
5273
6069
8080
6521
5512
5379
7453
6042
7252
6881
6653
7564
8119
7813
5431
6755
7898
5883
6339
6339
6698
7692
8639
7442
5038
4580
5728
5624
5769
6733
6306
11219
115
155
6311
6636
7390
6860
764
4374
6908
9005
8201
6512
5503
7284
7721
8332
869
8684
4960
4925
7293
7066
7105
7863
7346
7734
7780
8141
63
8725
10463
10102
9971
25
214
1
3
1015
10208
11240
13659
7913
14175
6279
15945
13550
15652
3780
16786
16433
17220
10766
17095
19050
19057
8556
18369
18880
18354
19308
3187
15159
19677
13385
19884
11302
19561
19561
19053
14601
20309
20308
17333
19560
19998
13550
19004
19891
19197
19221
11127
12942
20073
9827
19074
12298
20255
20179
19868
15169
16457
20960
19333
19438
19438
20073
21618
12812
13631
20826
20478
13763
19542
20515
13803
17040
21524
20860
12433
4324
7351
20890
14725
16133
13303
15046
17270
19290
21205
22182
8373
9380
11014
14728
11390
22652
18103
22497
18191
7773
7225
7383
1384
24225
24773
23201
24139
24139
23520
23059
11142
1346
24289
24289
23338
8613
23154
5376
23965
2340
24419
24798
18471
2271
25503
69
25487
21664
25589
3072
1779
25447
26022
17121
25624
26180
26180
4939
5740
26582
26242
9502
7265
609
12270
12270
6646
6646
3308
26541
6370
2375
10893
27899
3332
5737
1679
5445
26
5735
2292
27622
7068
28088
20746
7397
28137
33760
14134
1708
7641
8678
10639
33073
8386
8854
7025
7988
10777
6436
156
1968
471
34701
5240
36014
4431
4769
7671
9109
7128
7528
2772
1583
2283
8804
5530
6906
4623
6705
3450
4532
5749
10099
5565
36965
32764
4096
11772
10070
339
4793
37151
9789
12057
5901
37241
32431
36738
11611
6110
7201
7983
3429
6858
9754
3547
4018
13032
5228
6124
6720
1068
7497
7385
6656
2743
9545
7395
7739
7747
6546
38425
39614
35431
11610
8999
3639
6286
7299
7543
38226
8942
8942
9140
39768
39252
12931
10298
402
39448
39409
12420
718
40989
12170
8927
8433
4262
9155
8220
268
297
777
3221
5319
3792
6601
9446
5839
8562
41266
6430
7270
8625
8007
2273
42507
9925
42255
12184
7111
7111
2535
42071
6903
6786
41230
5795
2365
6575
6850
9397
4972
4278
7046
7073
6722
6524
7154
7174
11110
13492
1532
5674
5264
6408
6408
6371
7251
9120
8188
10727
4695
6393
3245
7295
173
6358
9239
5267
6067
6925
5851
6689
7914
7013
3185
6375
6713
587
6699
7867
4459
43548
7377
8002
6901
4483
7615
2866
7696
3481
7453
38491
8135
7961
4946
3443
3494
3494
5216
3378
40189
7420
4794
6530
45509
33623
7609
7161
12688
3963
7295
5800
4936
7115
8725
44596
1788
40972
11402
2337
41429
8786
3679
3849
41537
17245
5466
4686
5090
8936
10774
5515
3748
7267
8681
8969
10853
1370
5624
45534
8519
2705
7167
7782
7764
8252
8088
6982
8444
7324
42402
3035
5769
6377
7817
9328
5758
8127
5899
8459
5164
4942
6642
6452
6257
72
2374
43182
2157
7110
3603
5587
454
9400
6726
8197
9060
3680
43795
8077
7718
8516
7301
8333
8083
7971
52677
17522
7767
7383
8573
7985
5770
6102
43547
2110
9081
3269
46248
6485
6852
6466
6835
5585
6961
5540
6072
6617
6984
7368
7732
6876
4980
5476
6678
7349
122
7564
7406
7478
6283
7406
7923
12142
3356
7812
148
2485
10431
4272
4283
5518
6976
6385
47531
7281