30201
21732
29612
19041
46566
21389
45144
13325
31373
11046
41113
5563
46238
25219
32267
29465
46816
44833
3328
29985
30068
22204
25728
30027
29628
22743
28476
29994
19648
28850
29691
20956
29747
18160
29766
45797
30275
12559
30851
43104
28117
40053
16651
29215
22441
29763
30202
18648
45292
29877
26144
29742
30947
18706
31397
24532
30909
26236
30081
31422
24552
45590
17871
31449
30647
14429
12919
31173
31389
28676
30394
28782
31461
30473
24480
31416
3850
30632
9051
27092
31178
124
30333
6768
38949
26677
31259
16245
30088
18096
27090
45938
43924
23920
29749
29749
45495
16683
30820
30288
30858
30305
13957
30905
31144
21643
45951
7233
31379
16616
29417
45339
18098
30455
324
22889
31163
20261
29581
30935
9148
38278
13366
31343
45796
4575
19718
31145
24635
31339
20388
30205
30512
13732
41934
40167
40167
30741
14297
26263
30447
13716
21228
18366
30154
45951
190
25466
45909
36268
42314
25318
42532
8690
26569
44661
187
19888
45679
41412
35475
27324
20918
31312
19179
22283
31208
27261
19252
11629
30124
26860
31012
31478
1
27811
8058
25373
28767
34407
21649
30516
27028
31480
45263
187
16606
25302
12751
28750
31261
30732
45920
13181
17840
21162
37986
37996
11904
37567
24732
26441
24722
41570
1716
26868
26910
17700
43881
27712
27712
25542
26162
44711
253
24531
29856
17272
31460
31362
45920
10263
39093
40766
15548
17968
44840
20464
21965
16866
44475
1169
30137
30055
29766
23665
14668
29794
245
29818
22957
29819
29681
30383
18673
31140
31207
12690
45829
33642
31075
10739
30834
38695
37660
24561
24561
25162
31025
30402
31142
27359
30037
45955
51
24847
45944
27165
46106
41215
41637
43132
41605
43155
1346
27542
29393
28571
30764
43969
37259
17796
6947
29754
45341
2560
18796
30793
17913
29479
23117
26379
23744
29322
20893
28345
29852
17517
24238
18856
23715
24646
16488
28993
30835
35145
10447
23847
31123
24513
30381
26248
28306
29605
21222
29366
16280
31415
25343
30139
20740
36595
13417
19782
28971
20809
23224
24206
28982
30054
22514
31446
31444
16752
27046
30369
21287
31485
31303
12033
30560
31167
25282
31486
17424
25592
31370
37167
19615
8810
28629
45555
17870
30153
37636
5352
26608
29766
11891
28885
28874
24738
18606
27804
21700
17860
16887
18839
26586
9319
28155
25374
25220
28663
16532
39868
26522
16909
28816
29413
25290
24753
380
21654
39987
41319
7733
21922
27860
28382
10321
30998
45945
31466
6035
25895
36055
6212
20255
41934
21384
43251
34389
40563
7707
22507
43758
23429
17026
28155
45707
5671
42931
43760
43264
12278
35383
6524
21785
23058
19729
40654
11246
39175
45861
47604
3834
24325
28859
12758
24277
28515
13963
23588
26218
10526
27634
26501
21774
3526
16176
22847
26419
4110
18769
5811
15344
25672
26581
20421
22243
28062
19343
44314
44812
43877
11720
28165
44662
13739
13464
21319
24752
26467
20836
16843
26235
18683
18509
27967
17996
17161
18139
19508
16903
28749
12199
28441
22951
29217
17153
15092
30019
31353
1
41641
15867
21376
23516
26062
29283
20123
29153
26808
30036
20487
28201
30159
11385
45710
31293
31293
24038
30377
30655
6837
22381
31486
39370
2784
22500
23125
27467
4217
17061
7325
24821
21421
21727
18704
28120
23007
23912
25522
18195
19194
44140
4037
27330
29949
14259
30343
23920
29103
22692
19381
24372
30379
33009
30780
45903
36510
12423
30346
45970
1461
26571
27708
12770
45360
45862
15068
29989
31454
23627
31374
23463
45087
6316
24927
41592
30133
8465
25272
29881
8804
30179
27018
27579
15797
17362
25160
31270
20067
24881
26764
26388
29113
21925
27252
23369
28279
17568
24590
31817
47889
27656
18159
30352
31309
24243
18836
10661
29538
26350
43284
44321
40182
27465
27568
29462
26497
29919
45514
16085
24866
30693
1846
31454
31165
34289
10735
11044
31484
45696
22379
15635
47620
24854
20895
43944
36920
19088
27372
31193
22360
46694
45945
7364
25636
31110
22373
45945
36396
44589
32357
47271
44535
41719
3864
48015
45557
39506
5890
18755
43798
15931
23397
13576
25961
28006
2833
28815
45183
10073
29448
28937
23412
19234
29199
21517
25991
29054
11084
28724
29279
22179
37491
11801
19320
24904
29006
28017
26634
27387
47428
20218
24801
25859
25859
27358
20563
24951
19023
29273
16152
29111
44871
14238
27505
28239
22505
29095
45861
12915
23845
25006
50599
22635
26147
25888
23628
23464
27814
38614
28705
30016
16479
30030
45885
25170
30051
45923
7608
29110
45643
44909
45690
10736
31396
36540
39078
38596
23674
48461
19902
29880
30446
49673
36851
10379
26957
28550
26822
28958
28987
45931
2282
29615
31029
19007
29859
31086
24044
30155
17112
24588
29292
30798
11758
29199
30831
15305
29914
45778
1335
30741
30548
35411
21533
7849
43327
40364
39688
32483
32475
12765
45295
23914
19860
29040
29734
20636
29309
31033
13721
30917
45904
28026
28993
14101
27292
29304
27576
12706
12706
25864
30423
31468
12
28826
40893
12251
24434
28338
14793
25297
17160
21538
29064
30587
14315
30872
25063
29763
27469
16987
31331
14416
45935
31338
13583
25519
30752
23299
25446
28203
30908
15478
28231
6253
22497
17854
28048
22566
27369
29796
29740
13421
28838
28838
24475
31483
30652
28044
25124
4954
29170
33894
9478
14974
47600
737
52393
31477
31033
45908
14284
6025
45924
23552
24219
31200
19684
43793
28345
45844
46169
3998
29080
45028
27026
29335
27193
29430
12998
44728
40808
38807
48687
4754
23187
43914
17878
19633
13432
37551
9476
26439
43096
7533
43953
26160
28918
28893
25806
22586
25890
5697
19593
27333
29681
30118
30015
30094
24701
10317
14635
31482
28385
24348
29315
23476
16613
1433
45866
31056
12351
30822
31130
16533
37411
33075
46306
46563
5115
28458
46050
3844
26762
29382
28440
46354
13102
31051
42015
41433
25651
30989
11046
27660
13740
28249
31477
30989
43346
23027
30051
11755
31486
31481
23030
31217
4451
29234
10251
31367
24897
29671
30264
21915
30266
9301
26219
31067
23490
29739
20662
29054
31024
23972
28185
30457
21699
31378
27929
31513
45894
35187
7799
45944
30822
42380
10461
22963
31446
24098
45948
37837
27058
32025
31789
31213
15271
30542
28398
31452
31477
31486
31257
24392
25856
31483
40527
7207
9891
27842
28299
14993
24687
29980
45932
8188
26656
23360
31069
30964
22355
29834
2557
19765
27695
31359
24884
30634
19267
30497
23939
27006
30358
14390
30350
31448
26275
31455
30785
45860
42504
10367
30739
45451
2364
25673
21870
31076
34354
961
28807
30170
3162
20663
12574
31076
31469
9583
38103
14056
10594
29089
29734
16870
23805
30226
1165
27498
30610
22796
26910
20638
28693
17339
30421
31484
20912
27476
29144
115
31487
30874
28555
40944
3963
19066
14718
31419
23666
26731
18966
21356
31382
30540
27185
26995
19930
30055
47995
32444
41596
41109
25959
26584
11736
23211
34720
27482
12110
36091
42187
40224
10964
16631
8975
26496
17747
20645
32050
47754
5390
26743
27514
21422
16733
27090
22719
20466
16615
50755
48494
41976
10564
29200
42347
380
19728
21597
11120
22607
10635
24890
9475
49338
42419
9109
48937
49866
29166
30169
17601
42933
21807
42061
45961
28545
51912
1734
44126
44535
45169
10037
26867
29428
27034
45444
31411
31479
25830
16279
28899
31468
31483
27185
27134
43821
22588
26638
20058
25913
30689
11490
25005
26563
9347
26658
22428
28773
17148
27627
28917
23398
28727
28289
27367
27201
25184
29846
16037
28279
29190
54640
31384
92
31448
7056
26407
7272
33692
25658
13452
27015
31287
29824
26870
29407
11869
31473
2827
29058
6394
28219
21473
29710
19705
22253
23607
29365
22799
29838
29893
26107
23709
32311
2
29377
29510
30196
23370
31430
31396
31460
29174
31367
31047
28897
31487
31297
29551
30077
20085
25854
29331
20107
27194
30672
5243
30233
30233
31373
23523
29799
9154
15606
24681
30202
27912
30058
7177
24628
30634
21918
30570
28722
30693
45923
13925
20200
11400
31415
31407
45938
25088
31391
8072
34982
12567
18827
24232
20209
29227
22710
28873
33981
45915
29654
34780
14586
25450
29473
21619
19196
54566
15600
18354
28756
18209
18057
24817
14112
25500
5246
28355
25670
28630
27659
28659
20045
26887
48612
5153
24818
28275
23281
26912
36702
1378
27163
45271
30248
38734
11274
22345
29641
30539
12381
29963
41765
45941
7841
30199
31394
33144
45964
12738
52412
34773
15809
35423
16299
9909
49104
38486
42355
37606
41977
27993
1189
23202
24588
2694
20993
22994
13264
24476
7287
21589
25839
15103
20895
22421
25163
21654
25345
20097
25894
2172
23855
26571
23707
25572
26692
20778
22579
26895
12419
27101
45221
4891
35563
9734
20163
44255
23411
45177
18977
7150
28498
56580
20853
23815
23292
43320
1249
24229
22820
26356
28338
22363
28964
16409
26970
46997
24838
13220
34188
46854
40344
13751
53768
29080
23298
29047
20939
13575
26906
23659
27089
45294
29033
5127
22613
26769
9329
11447
22686
12419
17177
21084
28088
968
27594
28620
26190
28309
45841
37661
44135
7013
43104
36032
6832
26466
28446
12434
35694
5436
36125
12132
26718
28924
25507
30123
28557
22546
29010
6583
29315
29697
16728
27634
29159
21778
24903
29437
20708
30462
28673
29823
24144
29481
12084
22923
24319
29105
15980
27907
29441
22444
26978
28248
22072
28109
21645
20306
45496
31410
5976
30602
45514
45246
28641
31127
3505
23762
26850
30966
22843
9659
19247
28572
7672
45302
32961
10164
24796
28696
5115
21772
29713
22777
28402
30160
25301
29645
23371
16496
55680
27591
10387
28105
6603
29570
25509
23794
28364
6042
20910
10254
31435
45608
45568
4330
33511
24201
25727
45308
30117
29710
23914
23109
28356
3697
32510
16088
24103
40849
15504
11998
38251
32016
21920
27789
911
37283
33283
42308
7622
25796
40607
20622
17471
46179
45028
28929
10904
19565
45287
25565
30069
24707
23633
39633
26860
8856
25433
38666
26679
47219
45779
9967
28672
50848
10474
27449
50981
45208
40334
20005
48218
48217
52934
5809
28402
29077
28725
24281
24281
29382
19960
26337
29902
4579
22909
27143
13989
19034
35216
16522
20615
17020
25734
16784
41005
196
18923
23718
21972
26316
23505
21682
28427
24544
51717
30188
29906
17223
29631
45373
37741
27929
8200
20137
41520
1423
30764
23051
10361
44069
28742
45306
5303
25737
29679
45690
29671
8931
39896
41418
846
19181
15166
42607
26281
26281
44769
11225
21742
28003
15148
22881
25241
23132
27869
26094
21273
12716
24482
27712
29289
29122
22008
12501
22153
28065
28065
18931
21022
29090
22257
16678
28498
23234
18241
18164
27005
45268
11
19978
19942
26743
28374
13023
24818
27290
14663
45213
29590
16424
26309
28859
15423
28339
28964
51798
8475
25837
28757
23914
29522
25244
38637
15947
37486
28724
29448
41869
10937
27976
29689
20975
30147
30203
16463
45509
30224
25665
29367
29561
23742
31474
31176
24484
30098
20414
19246
30931
22577
29662
20512
45306
39637
45541
5102
45865
45382
37223
7372
29966
30207
30014
26969
45931
1777
31191
31190
19777
31438
45683
1644
17792
31484
10500
31447
13015
30726
30546
25152
31258
30569
30564
25608
29848
28352
30200
29942
31387
18618
31011
45923
206
23084
30357
30357
30207
31237
31034
31016
26364
21369
30628
17143
32851
20928
30204
16348
31451
30481
30431
30182
30182
30369
28877
29530
45308
198
28287
30114
25129
30134
31482
14115
26193
45944
45930
38841
30140
31401
25128
30152
30366
30305
30193
31483
30424
30750
13715
30283
31161
24995
30509
12792
40362
15799
43592
31210
47716
29073
21405
44092
37451
3
45195
29792
29722
13304
29008
30363
35192
46085
41683
13449
36469
42866
21458
28165
29151
21568
45698
41077
30210
8999
30204
30494
30212
28308
28982
28494
28493
30282
15048
30068
30068
30113
30113
32277
15262
29428
35887
45304
30205
31621
17807
7470
29298
26729
29482
22141
28411
30201
4124
29983
25901
29522
22005
29834
45914
45903
7871
29931
30586
12020
28243
28812
23042
28723
29522
17332
45291
31452
30888
4674
29417
28993
26686
29399
30198
28502
29667
37264
27970
23259
25782
45936
4170
45867
15282
28101
30226
1100
25962
30142
19174
29702
31081
25580
28186
24766
28115
34638
1173
27739
29139
22289
21557
12615
23084
13043
28620
29146
30101
3187
30194
25725
27005
30199
25459
25642
30202
21229
27616
23929
28049
30162
30183
26692
29732
26977
22899
28313
16321
27650
16653
26618
28319
20124
15433
45304
4123
23761
29451
30203
2243
26064
31502
28803
19821
29376
30612
30871
24396
29742
30202
45936
33183
10245
30238
22377
29117
30554
31343
9403
39300
30035
22417
31133
20675
22867
30887
28412
31449
12763
25867
27004
29508
12433
29352
29713
28692
30191
25127
30804
29601
29606
29606
31323
15698
30198
45845
20550
43463
28560
20856
28886
25208
30655
31315
31311
34372
27046
8829
16949
45191
23650
14699
28755
34328
10490
26464
29075
28415
29541
22260
45264
31175
20954
45257
4901
27392
24409
28706
30189
8985
15546
27315
28535
13875
25827
28854
20298
26861
24351
21589
23761
16768
26696
27716
24448
27937
4022
24653
9080
28409
27359
26482
29729
15702
22889
4908
30071
15179
25986
30130
31413
11186
45809
1485
26023
31395
22854
31468
21064
30047
23943
30704
45876
45804
30253
5528
22324
44461
1253
20340
20790
9075
25183
21468
28876
29137
20067
23327
27990
5679
30471
23822
28452
31447
45625
8598
28102
31171
1073
45302
30055
15131
28078
29170
20138
26940
16816
24232
28663
29910
22409
27879
28556
29723
22782
6640
28641
24289
28272
27829
26102
32497
18591
15074
40800
36683
35826
10794
17013
27466
18597
27614
16534
29283
29662
719
27022
28209
22690
27577
31261
19104
27752
28610
19913
30600
31405
24521
26188
29827
21961
31086
30654
11248
26091
20389
27428
29221
22016
28710
44954
12529
28494
28598
3468
26987
29139
30582
24271
29650
24447
23391
27600
28379
10060
29320
26435
31369
18660
28815
29803
22694
42576
42576
28262
32573
8423
28187
41345
31325
30284
11237
30542
31435
16379
41739
35469
20369
29370
45302
12989
20924
27183
16335
31127
42812
901
29283
29656
16096
29144
44610
24060
25930
29309
42738
14501
28143
28936
30024
24808
10058
21059
12398
19313
14021
23065
41217
12596
25036
42302
13272
20342
43305
44759
5869
25318
45255
45345
25644
44557
44802
45149
29078
2779
27638
15428
27082
13973
28656
29325
23714
27997
30861
22459
27346
41897
1890
23855
28754
12739
43776
8795
38332
7348
26783
43415
958
19511
43599
29851
43529
9517
29357
26962
29530
28526
25250
27622
15562
25638
27639
28476
14796
28119
24293
28789
28102
30181
31458
1
28943
13699
22687
27792
27304
30144
30194
17623
45753
14108
31367
45404
35885
30044
34763
8346
9158
26825
44059
13694
14932
18777
28993
19314
15105
21162
17898
18286
28997
20791
17875
22567
26847
29862
27428
24600
15479
29979
15065
28623
30166
29699
31412
2
28110
21748
25940
45889
43693
31419
1835
24332
29364
23897
28779
19439
30017
29866
24145
26588
28595
31443
29799
21706
3225
45309
38925
45538
31342
5213
31052
31382
31382
17529
28140
45303
16235
29375
31256
31063
15696
7647
26173
30201
6534
34273
2360
14809
20345
26872
12966
29554
31470
15463
20173
12953
29479
31108
30772
25727
31487
31433
19704
28381
24866
30189
31477
1
22274
31275
31293
30771
24022
17089
26028
27777
28358
17499
30464
31475
28602
22442
17487
29151
19805
29451
27587
30368
31400
6
42820
44332
31487
4169
25962
37114
2132
20336
27945
17882
22865
28139
25180
21631
27254
15959
16881
8094
28103
25588
22418
29499
10239
28458
20825
28121
23650
12027
28577
3800
44960
44624
21472
21471
29155
26790
45228
43637
45068
30054
5533
28845
31482
1
21526
15024
27246
44986
6479