n_blocks	sec_no	n_free_secs	sec_type	n_blks_node	gc_sec_latency	gc_total_latency	gc_type
285	352	18	0	0	322911	326699	1
1324	412	19	0	0	38234	38234	0
302	403	5	0	0	182909	186661	1
21889	739	6	1	0	297696	297697	0
306	602	5	0	0	445742	449699	1
351	353	6	0	0	72340	74506	0
395	349	5	0	0	84310	87675	0
342	362	5	0	0	68919	71690	0
375	367	5	0	0	78914	84289	0
339	373	5	0	0	70335	72553	0
406	370	5	0	0	72141	75898	0
404	376	5	0	0	51312	54718	0
386	862	5	0	0	48283	54005	0
390	399	5	0	0	77896	85848	0
296	416	5	0	0	85307	60882	0
303	724	3	0	0	47779	138922	1
341	422	5	0	0	43265	45075	0
358	426	5	0	0	86028	89825	0
360	434	5	0	0	57809	60926	0
422	356	5	0	0	77654	81422	0
308	468	5	0	0	75502	79317	0
405	475	5	0	0	85063	88933	0
430	480	6	0	0	103884	63132	0
289	752	3	0	0	51894	162253	1
317	551	5	0	0	78612	80301	0
346	587	5	0	0	53513	56184	0
337	790	5	0	0	88390	96141	0
480	796	5	0	0	75267	78367	0
444	885	5	0	0	69194	73921	0
846	476	5	0	0	61494	64858	0
541	354	6	0	0	103468	62393	0
425	432	3	0	0	50416	161842	1
613	371	5	0	0	90642	99101	0
631	372	5	0	0	85025	91070	0
452	458	5	0	0	92027	95113	0
619	493	5	0	0	91769	97173	0
551	534	5	0	0	75422	81013	0
730	541	5	0	0	97482	105590	0
555	548	5	0	0	82224	90226	0
739	569	5	0	0	72438	80427	0
3	739	4	1	3	72924	73805	1
563	632	5	0	0	100200	105905	0
454	736	5	0	0	88011	92165	0
747	753	5	0	0	77735	83775	0
1239	463	5	0	0	91390	101517	0
774	719	5	0	0	59598	67938	0
1021	742	6	0	0	91009	63546	0
2142	519	3	0	0	90865	204452	1
21886	868	5	1	0	31854	31854	0
11944	548	5	1	11944	366986	436836	1
44620	405	6	0	0	159136	363510	0
22203	364	5	0	0	226373	307773	0
22643	759	4	0	0	565204	0	1
23091	361	3	0	0	539199	1174180	1
23316	417	5	0	0	144373	294475	0
23551	481	5	0	0	131845	278692	0
21903	739	5	1	0	19911	19911	0
22807	807	4	0	0	869061	945068	1
23608	692	5	0	0	122697	321227	0
23219	693	3	0	0	646357	839668	1
23854	401	5	0	0	88902	146536	0
21895	868	5	1	0	21093	21094	0
23469	518	4	0	0	893085	0	1
23657	682	3	0	0	547411	1527142	1
24110	355	5	0	0	175173	347798	0
19900	759	3	1	27518	164536	480565	1
24136	360	5	0	0	123001	312132	0
23473	880	3	0	0	576158	803024	1
23638	782	5	0	0	228677	348745	0
23615	875	5	0	0	160462	302780	0
22454	807	5	1	0	17784	17784	0
23460	556	4	0	0	896030	968686	1
23553	379	5	0	0	148813	303297	0
23399	626	3	0	0	636892	908611	1
23677	415	5	0	0	193768	299867	0
21900	759	3	1	29394	178221	512394	1
23467	615	4	0	0	549614	613816	1
23645	451	5	0	0	77545	88607	0
23505	341	5	0	0	173764	329813	0
15771	782	3	1	23558	126839	443393	1
23452	346	5	0	0	84928	145926	0
22913	512	4	0	0	546793	0	1
22948	691	3	0	0	535488	1161841	1
23034	425	5	0	0	137787	276283	0
22975	388	5	0	0	111818	322236	0
22040	875	3	1	29415	195813	436638	1
22930	411	5	0	0	153930	292717	0
22890	421	5	0	0	91431	194717	0
22960	368	5	0	0	95780	258347	0
22934	374	5	0	0	132209	273082	0
22286	430	5	0	0	119084	308796	0
21870	768	3	0	0	600995	831391	1
22395	447	5	0	0	188256	331694	0
17303	875	3	1	17303	71871	396637	1
22349	392	5	0	0	191603	325779	0
21633	688	3	0	0	604093	904348	1
22297	348	5	0	0	169082	291742	0
22099	363	5	0	0	104305	297223	0
21195	768	3	1	21196	100131	338236	1
21593	495	5	0	0	216538	307204	0
21538	436	5	0	0	151559	294178	0
21619	391	5	0	0	140012	272149	0
21564	428	5	0	0	148563	285360	0
20942	680	3	0	0	553363	803682	1
9497	875	5	1	0	13208	13209	0
20939	745	5	0	0	594684	643240	1
20986	578	5	0	0	154141	292390	0
20967	643	5	0	0	92641	132901	0
21889	782	5	1	0	25029	25031	0
20478	664	4	0	0	675435	741260	1
20967	402	5	0	0	111013	227004	0
15978	436	5	1	0	15309	15309	0
20295	683	5	0	0	710729	772498	1
20320	728	5	0	0	113658	309629	0
19932	671	3	0	0	535822	748200	1
20161	462	5	0	0	141005	290158	0
19972	581	3	0	0	543622	759421	1
20215	466	5	0	0	101192	160157	0
20302	404	5	0	0	139633	288993	0
19494	646	3	0	0	539367	778676	1
19634	474	5	0	0	152482	300677	0
19526	555	3	0	0	541224	0	1
19526	656	2	0	0	466985	1234691	1
10765	683	5	1	0	9922	9922	0
19287	560	5	0	0	570646	625661	1
19706	413	6	0	0	143213	295324	0
19077	827	3	0	0	480939	690698	1
19509	394	5	0	0	175792	304010	0
18752	723	3	0	0	529982	812941	1
5531	646	5	1	0	10799	10799	0
18734	697	5	0	0	539362	595595	1
27843	573	5	0	0	175491	299086	0
18419	516	5	0	0	149915	281770	0
18339	870	3	0	0	515782	755634	1
18317	656	4	1	18317	38521	149505	1
21886	578	5	1	0	19356	19356	0
18073	526	5	0	0	791723	850915	1
18327	449	6	0	0	157980	264372	0
18128	395	5	0	0	200711	268922	0
17828	583	3	0	0	504423	817683	1
18123	410	5	0	0	175223	296747	0
17705	461	5	0	0	158912	275100	0
17505	871	4	0	0	435377	0	1
17539	532	3	0	0	435500	939049	1
12918	578	5	1	0	14156	14156	0
17145	623	5	0	0	572244	629049	1
17574	414	6	0	0	125443	252285	0
16873	712	3	0	0	451418	672807	1
16938	502	5	0	0	122715	260401	0
16699	590	3	0	0	473221	701087	1
8928	583	5	1	0	17631	17631	0
16471	627	5	0	0	519622	583001	1
17057	358	5	0	0	140270	260497	0
17038	342	5	0	0	132447	247694	0
16079	636	4	0	0	419604	478652	1
13145	871	5	1	0	16895	16895	0
16073	672	5	0	0	536165	588988	1
16349	419	5	0	0	138179	222509	0
16381	427	5	0	0	108100	148946	0
15710	616	5	0	0	160500	254811	0
15568	667	2	0	0	459335	0	1
15591	613	2	0	0	411405	1156392	1
21889	573	5	1	0	21790	21791	0
4746	627	5	1	4746	344033	372612	1
15587	378	6	0	0	152022	256706	0
14985	847	3	0	0	425179	0	1
14986	563	2	0	0	375592	1058554	1
15075	486	5	0	0	158407	261801	0
15005	435	5	0	0	147802	236659	0
15045	384	5	0	0	95460	139794	0
15039	393	5	0	0	111125	184302	0
14439	522	4	0	0	347167	413211	0
14454	597	5	0	0	110321	221972	0
5217	613	5	1	0	9820	9820	0
14089	571	5	0	0	447700	500250	1
14385	444	5	0	0	113392	160616	0
14340	433	5	0	0	143428	237887	0
13804	816	4	0	0	357954	414165	1
14286	359	5	0	0	143072	247832	0
9332	563	3	1	9333	14728	265429	1
13762	484	5	0	0	134562	209734	0
13802	441	5	0	0	115865	163782	0
13779	397	5	0	0	124039	207615	0
12998	760	4	0	0	350100	400756	1
13123	511	5	0	0	161562	221245	0
6162	571	3	1	10657	17954	284734	1
13169	471	5	0	0	149554	221914	0
13087	477	5	0	0	128578	207855	0
13177	351	5	0	0	120853	233544	0
12252	804	3	0	0	370427	597409	1
21889	427	5	1	0	18347	18347	0
5038	563	5	1	5038	341276	370570	1
12517	478	6	0	0	80505	97525	0
12508	406	5	0	0	127808	209070	0
11675	750	3	0	0	355410	584213	1
11902	505	5	0	0	153389	233071	0
11855	482	5	0	0	96909	150844	0
11831	443	5	0	0	121222	201952	0
11869	473	5	0	0	105624	175269	0
11257	668	5	0	0	126224	189747	0
11042	499	3	0	0	321439	546184	1
9077	804	5	1	0	13852	13852	0
10785	814	5	0	0	376508	431856	1
11145	487	6	0	0	115027	185343	0
11170	343	5	0	0	131384	225797	0
10478	630	5	0	0	118815	186295	0
10244	634	4	0	0	312749	360189	1
9406	505	5	1	0	20330	20330	0
10183	528	5	0	0	357674	405362	1
10437	457	6	0	0	130594	199761	0
9842	524	3	0	0	280310	490600	1
9846	501	5	0	0	123035	192668	0
9558	812	4	0	0	272014	322140	1
9771	490	5	0	0	125742	198429	0
4393	668	5	1	0	10299	10299	0
9272	678	5	0	0	333380	383953	1
33115	753	6	0	0	173069	317433	0
9152	513	5	0	0	98000	138702	0
8952	661	4	0	0	320685	368146	1
21889	571	5	1	0	18894	18894	0
2392	634	5	1	2392	330467	345601	1
9148	344	6	0	0	109680	144938	0
8510	533	5	0	0	92627	154407	0
8350	547	3	0	0	248230	428644	1
8100	572	4	0	0	301783	345807	1
8569	456	5	0	0	85170	132502	0
8467	345	5	0	0	113649	167537	0
7891	520	5	0	0	88180	135812	0
7763	498	5	0	0	91899	165324	0
7439	567	4	0	0	250225	291194	1
7685	350	5	0	0	111932	147715	0
3562	678	3	1	7388	15198	188061	1
7294	542	5	0	0	120845	172516	0
7288	365	5	0	0	112955	169141	0
7228	347	5	0	0	128286	153967	0
6605	865	3	0	0	203716	404896	1
6630	589	5	0	0	106548	161338	0
3968	572	5	1	0	13951	13951	0
6201	595	5	0	0	260091	296402	1
6591	369	6	0	0	139339	139340	0
6011	888	5	0	0	267385	303402	1
6359	0	5	0	0	127498	143729	0
5736	684	3	0	0	182055	377417	1
5997	500	5	0	0	99715	114039	0
5701	357	5	0	0	126868	171547	0
2534	678	5	1	0	4765	4765	0
5165	544	5	0	0	227679	260887	1
5207	515	6	0	0	108284	126460	0
21889	668	5	1	0	24521	24522	0
4709	619	5	0	0	516752	553931	1
4432	599	4	0	0	203168	232985	1
4540	377	5	0	0	92461	132644	0
4198	369	5	1	0	11450	11450	0
4007	648	5	0	0	215612	249353	1
4551	366	5	0	0	62932	72099	0
3944	424	5	0	0	100714	130993	0
3917	409	5	0	0	111848	142452	0
3873	381	5	0	0	73212	82414	0
3695	375	5	0	0	98156	122334	0
3295	509	5	0	0	81085	107078	0
3266	380	5	0	0	88092	100479	0
3127	382	5	0	0	91080	113394	0
3101	383	5	0	0	95828	121934	0
2687	879	5	0	0	92955	116957	0
2673	386	5	0	0	92294	108131	0
7	668	5	1	0	9513	9513	0
2136	727	5	0	0	157520	175200	1
2420	385	6	0	0	94260	94262	0
1756	576	5	0	0	176485	192029	1
1999	387	6	0	0	106278	122427	0
1827	389	5	0	0	94961	99871	0
1390	479	5	0	0	108275	123825	0
1316	390	5	0	0	103827	117550	0
5	509	5	1	0	6202	6202	0
792	700	5	0	0	148996	156987	1
14979	646	6	0	0	162495	249062	0
453	454	3	0	0	86703	272297	1
581	396	5	0	0	75174	78567	0
410	398	5	0	0	69761	75163	0
387	400	5	0	0	146309	152603	0
665	405	5	0	0	170398	711204	0
561	361	47	0	0	59802	59802	0
