n_blocks	sec_no	n_free_secs	sec_type	n_blks_node	gc_sec_latency	gc_total_latency	gc_type
3	576	119	1	3	291811	292748	1
530	374	120	0	0	77891	77893	0
3	831	14	1	3	272708	273798	1
21886	500	15	1	0	357784	357785	0
276	401	6	0	0	193083	196505	1
501	342	7	0	0	40309	40310	0
305	782	5	0	0	155683	159615	1
420	379	6	0	0	77353	81259	0
353	410	5	0	0	67695	71273	0
307	436	4	0	0	89643	95221	1
375	415	5	0	0	87565	93079	0
316	417	5	0	0	62508	65395	0
338	421	5	0	0	45362	48049	0
358	447	5	0	0	88677	92947	0
338	462	5	0	0	80595	82655	0
381	495	6	0	0	96450	98189	0
324	560	5	0	0	70566	73411	0
297	682	4	0	0	103085	108655	1
422	615	5	0	0	89519	94234	0
503	656	5	0	0	89826	94249	0
358	745	5	0	0	46379	48123	0
329	827	5	0	0	84697	91436	0
321	548	5	0	0	86134	87460	0
360	739	6	0	0	108691	112093	0
452	449	5	0	0	74856	81291	0
341	807	4	0	0	114706	118820	1
595	435	5	0	0	47939	51460	0
634	444	5	0	0	95146	97975	0
537	451	5	0	0	54295	56540	0
447	461	6	0	0	117258	119977	0
570	484	5	0	0	81485	85463	0
608	511	5	0	0	87682	94431	0
559	590	5	0	0	76754	82931	0
377	875	4	0	0	132446	140983	1
456	616	5	0	0	88900	92034	0
436	680	5	0	0	87715	94166	0
601	750	5	0	0	78204	83764	0
672	804	5	0	0	67006	73374	0
427	847	5	0	0	97982	104427	0
21889	783	6	1	0	31789	31791	0
834	814	4	0	0	423585	434998	1
1048	520	5	0	0	65213	73293	0
915	634	5	0	0	58678	68149	0
1187	572	5	0	0	62048	71859	0
3840	648	5	0	0	58782	78457	0
8048	457	5	0	0	69567	119202	0
14539	548	4	1	14539	29587	120994	0
22803	626	5	0	0	161628	318807	0
21900	804	3	1	21980	119303	414489	1
23367	391	5	0	0	120379	211051	0
23551	430	5	0	0	120070	182494	0
23022	868	4	0	0	500250	573402	0
23622	343	5	0	0	164314	330805	0
23519	519	5	0	0	141531	328657	0
23393	880	3	0	0	634137	851376	1
22196	648	5	1	0	19028	19028	0
23272	671	5	0	0	877281	947465	1
23607	390	5	0	0	140554	268874	0
23239	477	5	0	0	157219	299525	0
23456	683	5	0	0	156362	319285	0
23244	742	3	0	0	634501	881064	1
23679	613	5	0	0	154615	249147	0
21890	804	5	1	0	20206	20206	0
20329	648	4	1	20329	384430	513071	1
23386	351	5	0	0	176280	336701	0
23506	425	3	0	0	644789	922261	1
23666	583	5	0	0	149793	252166	0
23299	862	4	0	0	619855	0	1
23325	768	3	0	0	544798	1273164	1
23665	349	5	0	0	130176	319611	0
23417	385	3	0	0	631736	839006	1
23621	357	5	0	0	119969	254941	0
21889	671	5	1	0	17628	17628	0
23080	542	4	0	0	872926	0	1
23092	419	3	0	0	534040	1491418	1
21646	683	5	1	0	29205	29206	0
22895	728	5	0	0	833980	888322	1
22987	468	6	0	0	157086	350751	0
22664	474	3	0	0	624842	906074	1
22993	627	5	0	0	79210	291243	0
22637	623	3	0	0	561391	719805	1
22884	370	5	0	0	199609	236515	0
22321	793	5	0	0	118598	346069	0
21985	583	3	1	29315	177128	434806	1
22340	667	4	0	0	527902	593145	1
22365	414	5	0	0	169088	295558	0
14172	671	5	1	0	20514	20515	0
21919	643	5	0	0	788448	849913	1
22229	344	5	0	0	162958	281537	0
22271	347	5	0	0	127387	277102	0
22214	353	5	0	0	168654	310169	0
21831	525	3	0	0	590824	847652	1
22072	356	5	0	0	80007	135711	0
21542	382	5	0	0	232106	373014	0
21607	499	5	0	0	138763	280363	0
16858	793	4	1	16857	37785	135165	0
21611	441	5	0	0	165198	330679	0
21385	719	3	0	0	579549	815764	1
55890	398	5	0	0	406998	855564	0
21085	512	3	0	0	625380	1163911	1
21406	377	5	0	0	132740	314106	0
20334	643	3	1	20334	130086	387552	1
21016	663	4	0	0	575307	638449	1
21320	359	5	0	0	113643	221672	0
20893	384	5	0	0	162557	295888	0
20649	607	3	0	0	567310	817584	1
17370	793	4	1	17370	38521	141450	1
20895	407	5	0	0	187924	240802	0
20920	360	5	0	0	148268	278236	0
20211	882	3	0	0	560128	822233	1
20268	452	5	0	0	177160	311802	0
20219	551	3	0	0	551490	0	1
20232	823	2	0	0	483836	1298706	1
21889	683	5	1	0	332904	332906	0
9571	663	5	1	9571	378960	437732	1
20284	386	6	0	0	308338	308339	0
19579	876	5	0	0	567709	630601	1
19609	764	4	0	0	476427	536848	1
19679	456	5	0	0	134522	276998	0
19610	399	5	0	0	156444	312729	0
19352	483	3	0	0	542154	785586	1
19681	368	5	0	0	156380	273265	0
19012	696	3	0	0	542267	821247	1
6477	452	5	1	0	15920	15920	0
19047	860	5	0	0	552857	602791	1
19057	589	5	0	0	93085	157390	0
18956	389	5	0	0	156919	287536	0
19061	369	5	0	0	164575	288921	0
17268	483	3	1	17268	65675	365352	1
18323	796	4	0	0	481901	543976	1
18369	577	5	0	0	165494	277625	0
18431	409	5	0	0	173102	277684	0
18124	835	3	0	0	521562	767795	1
18132	718	4	0	0	452415	511892	1
14178	589	5	1	0	16107	16108	0
17801	751	5	0	0	611959	673441	1
18202	341	6	0	0	138194	216994	0
17718	404	5	0	0	148857	267477	0
17676	412	4	0	0	54635	200440	0
14320	796	5	1	0	16683	16685	0
17356	841	5	0	0	542345	604748	1
17606	388	5	0	0	141383	268129	0
21889	407	5	1	0	21428	21429	0
16887	629	4	0	0	747629	807275	1
17149	422	5	0	0	151703	268822	0
17053	393	5	0	0	157666	263541	0
16693	865	3	0	0	480533	749934	1
16934	363	5	0	0	163046	274368	0
16387	651	4	0	0	424011	487662	1
10724	412	5	1	0	16438	16439	0
16389	588	5	0	0	535918	597230	1
16920	0	5	0	0	131164	220613	0
16149	429	5	0	0	110318	228852	0
16322	397	5	0	0	126211	249585	0
7056	422	4	1	7056	79056	116944	1
15714	730	5	0	0	142375	258086	0
15512	744	3	0	0	439895	665104	1
15654	432	5	0	0	170483	268610	0
15711	366	5	0	0	122130	239027	0
15110	784	3	0	0	422250	0	1
15111	705	2	0	0	390418	1039107	1
10391	429	5	1	0	15080	15080	0
15013	555	5	0	0	455603	520961	1
15068	737	6	0	0	71983	85860	0
14947	413	5	0	0	114241	227735	0
15027	437	5	0	0	108657	217320	0
14599	752	4	0	0	378892	431261	1
11224	432	5	1	0	14841	14842	0
14360	501	5	0	0	509024	566936	1
14423	460	6	0	0	142214	219590	0
14434	372	5	0	0	109696	192669	0
20872	835	5	1	0	19600	19601	0
13970	715	5	0	0	634094	694675	1
3322	705	4	1	3322	95502	116013	1
13785	443	5	0	0	115894	192209	0
13709	376	5	0	0	131498	243871	0
13211	826	3	0	0	396999	637656	1
13694	355	5	0	0	41295	165743	0
13729	365	5	0	0	130996	227712	0
13714	354	5	0	0	118798	232779	0
13022	463	5	0	0	139221	236567	0
12774	692	3	0	0	363630	597897	1
10793	705	4	1	10793	29658	93160	1
13134	420	5	0	0	111545	150746	0
12498	544	5	0	0	105954	190113	0
12459	493	5	0	0	121169	208285	0
12223	747	3	0	0	374537	596636	1
12224	869	4	0	0	325033	379002	1
10436	443	5	1	0	18987	18988	0
11864	871	5	0	0	424897	479838	1
11896	602	6	0	0	122516	191300	0
11729	476	5	0	0	134604	227650	0
11389	636	4	0	0	309368	0	1
11472	620	3	0	0	306064	692140	1
10666	544	5	1	0	17625	17625	0
11339	734	5	0	0	398082	449964	1
11746	367	6	0	0	123771	159137	0
11143	478	5	0	0	102596	184582	0
10667	837	3	0	0	284758	446419	1
11001	427	5	0	0	126295	199431	0
11161	426	5	0	0	72054	87651	0
8327	602	5	1	0	11274	11275	0
10478	716	5	0	0	410049	460491	1
10479	723	6	0	0	120569	149846	0
10264	392	5	0	0	139323	186608	0
9862	539	3	0	0	298822	531606	1
9862	785	4	0	0	275740	324720	1
21889	501	5	1	0	16026	16027	0
4813	636	5	1	4813	347956	378815	1
9845	467	6	0	0	125340	312817	0
9315	740	3	0	0	273287	479354	1
9745	396	5	0	0	101442	160943	0
9197	496	5	0	0	126971	188796	0
8972	567	3	0	0	276809	497030	1
9187	480	5	0	0	125897	195275	0
9145	440	5	0	0	103139	147160	0
9077	348	5	0	0	53206	138457	0
9174	352	5	0	0	113352	179946	0
2091	785	5	1	0	9736	9737	0
8106	661	5	0	0	302503	345506	1
8548	362	6	0	0	103076	169288	0
7875	713	5	0	0	212569	261476	0
7796	806	4	0	0	226016	269355	1
7891	498	5	0	0	99882	139849	0
6442	567	5	1	0	14866	14867	0
7439	668	5	0	0	280422	325614	1
7890	381	6	0	0	161287	161288	0
7177	870	5	0	0	288763	351047	1
7268	469	6	0	0	127574	160964	0
6701	888	3	0	0	213184	410368	1
6828	765	4	0	0	262684	302782	1
7192	345	5	0	0	118552	172080	0
2002	661	5	1	0	10224	10224	0
6339	532	5	0	0	253146	288068	1
6550	380	6	0	0	100662	136487	0
6006	773	4	0	0	169593	211974	0
6013	809	5	0	0	83987	129352	0
5977	373	5	0	0	116783	155324	0
2083	668	5	1	0	8227	8227	0
5403	818	5	0	0	240728	277279	1
5976	364	6	0	0	71714	81391	0
21889	723	5	1	0	26200	26201	0
4983	850	4	0	0	492371	526710	1
36447	356	5	0	0	168014	340905	0
5182	383	5	0	0	90798	116087	0
5057	346	5	0	0	97986	124320	0
4482	853	3	0	0	164601	319756	1
4565	491	5	0	0	89296	124088	0
4564	350	5	0	0	36399	82204	0
4441	371	5	0	0	94194	136964	0
4428	358	5	0	0	105721	139900	0
3959	513	5	0	0	67628	95890	0
3943	375	5	0	0	92557	127572	0
3836	378	5	0	0	102154	130854	0
3307	712	4	0	0	134300	161250	1
3642	387	5	0	0	94729	115311	0
3241	395	5	0	0	105334	131833	0
3305	394	5	0	0	77026	100782	0
5	723	5	1	0	5146	5147	0
2578	693	5	0	0	180796	202649	1
2637	411	6	0	0	93998	106438	0
28231	382	5	0	0	181418	342790	0
2357	402	4	0	0	72737	96998	0
2255	403	5	0	0	98497	120918	0
2047	528	5	0	0	93745	111061	0
1974	406	5	0	0	94668	105151	0
2	513	5	1	0	9118	9118	0
1442	797	5	0	0	142923	156609	1
1748	408	6	0	0	71985	71986	0
1066	711	5	0	0	147864	161287	1
1232	416	6	0	0	92019	104696	0
662	794	4	0	0	114399	121343	1
715	424	5	0	0	77875	86531	0
14626	765	5	1	0	16295	16296	0
7	693	5	1	7	274014	274990	1
553	428	6	0	0	65980	65980	0
3	756	28	0	0	224135	225196	1
