n_blocks	sec_no	n_free_secs	sec_type	n_blks_node	gc_sec_latency	gc_total_latency	gc_type
21889	888	20	1	21889	793736	800463	1
26033	869	20	1	0	22900	22900	0
21889	870	5	1	21889	165152	298132	1
25557	490	5	0	0	350305	350305	0
24670	535	5	0	0	643206	646184	1
24894	516	6	0	0	147376	308734	0
12403	874	3	1	12469	75123	351336	1
24783	518	5	0	0	338095	338095	0
24150	540	5	0	0	604826	607050	1
26378	568	6	0	0	221898	373980	0
23934	533	2	0	0	680112	0	1
23936	543	2	0	0	570235	0	1
23968	538	1	0	0	558580	2036034	1
25193	559	5	0	0	174255	278170	0
24222	498	5	0	0	80595	120002	0
21953	883	5	1	0	22700	22701	0
23520	547	5	0	0	855259	857446	1
23667	523	6	0	0	114145	116888	0
23111	550	4	0	0	583768	0	1
23232	531	3	0	0	545532	1132529	1
23583	499	5	0	0	144266	235454	0
24272	418	5	0	0	106642	205128	0
24259	420	5	0	0	172696	272738	0
23317	551	5	0	0	171194	324638	0
21901	874	3	1	21967	121453	439628	1
22978	530	5	0	0	124534	228923	0
22990	542	5	0	0	153230	247997	0
23028	451	5	0	0	153450	319822	0
22228	553	3	0	0	618055	774685	1
24253	365	5	0	0	147979	258859	0
23626	405	5	0	0	80397	121214	0
23633	411	5	0	0	327650	327651	0
21893	883	5	1	21893	119817	251630	1
22705	506	6	0	0	155186	314681	0
21877	556	3	0	0	599436	0	1
21933	558	2	0	0	520312	1278797	1
22363	444	5	0	0	173846	262894	0
21503	560	5	0	0	172562	314533	0
21638	554	3	0	0	587565	763182	1
22291	413	5	0	0	179948	268855	0
21911	874	5	1	0	18594	18595	0
21236	561	4	0	0	840775	0	1
21380	548	3	0	0	493417	1337246	1
22278	459	5	0	0	164411	251908	0
20972	549	5	0	0	152280	307945	0
20870	564	3	0	0	584401	743045	1
21629	438	5	0	0	310970	310971	0
20552	557	5	0	0	586729	588726	1
20875	562	5	0	0	96465	115608	0
22399	345	5	0	0	297738	297739	0
20327	566	5	0	0	564060	566115	1
21889	451	5	1	0	24731	24731	0
19712	569	4	0	0	818097	820135	1
20311	502	5	0	0	142527	226691	0
20280	510	5	0	0	47657	58594	0
16256	556	5	1	0	19364	19366	0
19801	529	5	0	0	653876	656716	1
20298	449	6	0	0	282595	282596	0
19522	471	4	0	0	567265	569257	1
19596	469	5	0	0	148918	284437	0
19111	573	3	0	0	540847	692455	1
19683	474	5	0	0	271106	271107	0
19138	572	5	0	0	518689	521643	1
19648	428	5	0	0	144270	227376	0
19061	526	5	0	0	146808	222064	0
19025	539	5	0	0	34888	43801	0
21889	557	5	1	0	28241	28242	0
18450	577	4	0	0	782976	784898	1
19046	456	5	0	0	161457	234024	0
18925	416	5	0	0	170518	247443	0
16764	556	5	1	0	28443	28444	0
17856	580	5	0	0	708695	712328	1
18323	481	5	0	0	108282	178150	0
18396	412	5	0	0	159235	272019	0
17616	546	3	0	0	504070	666808	1
17757	517	5	0	0	137516	273157	0
17461	581	3	0	0	511779	652791	1
17650	541	5	0	0	163298	234734	0
17787	442	5	0	0	158377	271072	0
16996	585	3	0	0	500485	662371	1
21929	572	5	1	0	15459	15459	0
17138	586	5	0	0	773215	775117	1
17716	380	6	0	0	161261	230197	0
17126	460	5	0	0	131698	258485	0
16725	588	3	0	0	492575	629919	1
17142	468	5	0	0	254103	254103	0
16453	545	5	0	0	512009	514667	1
17141	400	6	0	0	93553	126653	0
16374	567	5	0	0	119323	181644	0
16309	463	5	0	0	149771	210455	0
21889	556	5	1	0	19366	19366	0
15633	592	4	0	0	709025	715065	1
16383	368	5	0	0	153275	252234	0
15662	512	3	0	0	464667	621446	1
15723	494	5	0	0	115790	199539	0
15703	519	5	0	0	156603	215831	0
15738	419	5	0	0	137617	249361	0
14952	593	3	0	0	456065	597159	1
15065	579	5	0	0	153172	212308	0
15548	572	5	1	0	15900	15901	0
14950	491	5	0	0	657839	660383	1
13860	567	4	1	13860	112434	192444	1
15097	356	5	0	0	136691	242643	0
14520	602	3	0	0	430519	570554	1
15098	373	5	0	0	147532	203315	0
14456	532	5	0	0	94249	144349	0
14409	391	5	0	0	100676	152742	0
14348	415	5	0	0	144721	228879	0
13742	582	3	0	0	415453	563760	1
13810	565	5	0	0	122122	176711	0
13821	570	5	0	0	147276	196296	0
21897	579	5	1	0	22258	22258	0
13227	607	5	0	0	671619	674200	1
13788	431	6	0	0	133634	177881	0
13742	346	5	0	0	91356	146123	0
13813	348	5	0	0	122651	179469	0
13144	483	5	0	0	98497	147371	0
13145	388	5	0	0	127694	230913	0
12699	544	3	0	0	381704	512498	1
13169	394	5	0	0	119666	164354	0
12512	575	5	0	0	125062	168382	0
21889	602	5	1	0	23959	23960	0
11806	615	4	0	0	645957	648381	1
12516	432	5	0	0	211057	211057	0
11963	606	5	0	0	351547	353942	1
12474	347	5	0	0	118182	164521	0
11883	435	5	0	0	112489	153589	0
11880	443	5	0	0	114173	153878	0
11760	349	5	0	0	125265	172066	0
13946	607	5	1	0	16338	16338	0
10907	621	4	0	0	564441	0	1
10974	603	3	0	0	289900	860627	1
11236	364	5	0	0	120055	173868	0
11237	367	5	0	0	111991	154075	0
11221	370	5	0	0	198197	198198	0
10560	616	5	0	0	357275	359519	1
11100	342	6	0	0	152126	172058	0
10103	595	3	0	0	317161	474943	1
15411	575	5	1	0	16949	16949	0
9856	477	4	0	0	551033	553229	1
10475	344	5	0	0	133589	175499	0
9851	493	5	0	0	124599	153267	0
9852	353	5	0	0	118301	156923	0
9833	371	5	0	0	130298	167655	0
9201	601	5	0	0	136729	149252	0
9053	629	3	0	0	279015	425249	1
14870	443	5	1	0	13118	13120	0
8656	596	4	0	0	516314	519239	1
9202	397	5	0	0	95447	122644	0
9052	343	5	0	0	125803	159748	0
8574	470	5	0	0	131608	158027	0
8534	475	5	0	0	126902	154772	0
8441	350	5	0	0	131305	134258	0
7926	503	3	0	0	251662	385663	1
13575	595	5	1	0	20639	20639	0
7715	626	5	0	0	481516	488023	1
7922	587	6	0	0	132457	156384	0
7845	351	5	0	0	110078	146451	0
7259	628	5	0	0	127880	148268	0
7258	377	5	0	0	130274	152718	0
7237	408	5	0	0	120251	141214	0
13704	601	5	1	0	11186	11186	0
6648	472	5	0	0	484514	496498	1
6507	485	4	0	0	224809	226801	1
6640	479	5	0	0	109090	131090	0
6514	487	5	0	0	109317	124976	0
6429	352	5	0	0	120578	144310	0
6613	354	5	0	0	118522	140860	0
6014	536	5	0	0	122585	137101	0
13479	503	5	1	0	16698	16698	0
5462	584	4	0	0	436361	438253	1
5939	355	5	0	0	113245	113245	0
5251	644	5	0	0	195277	197150	1
5881	341	6	0	0	122148	136785	0
5241	383	5	0	0	41660	50126	0
4993	357	5	0	0	132150	149620	0
4987	358	5	0	0	67490	79887	0
15581	628	5	1	0	18851	18851	0
4303	651	4	0	0	411754	413525	1
4580	508	5	0	0	97851	106910	0
4349	359	5	0	0	92106	104583	0
3935	591	5	0	0	85184	89604	0
3912	360	5	0	0	88637	97097	0
3897	361	5	0	0	96908	103946	0
3897	362	5	0	0	114633	114633	0
3268	430	5	0	0	179089	180765	1
15068	601	6	1	0	21190	21191	0
2979	552	5	0	0	379352	381113	1
3271	366	6	0	0	105762	105764	0
2684	447	5	0	0	172645	174336	1
2685	453	6	0	0	103643	106404	0
2371	363	5	0	0	79851	83912	0
2419	369	5	0	0	76143	81498	0
1821	632	4	0	0	130029	131595	1
2023	525	5	0	0	90946	92521	0
6961	383	5	1	0	15601	15601	0
1447	537	5	0	0	302476	304038	1
1834	372	5	0	0	73038	75158	0
1395	589	5	0	0	75825	77388	0
1240	374	5	0	0	79813	84471	0
1300	375	5	0	0	82936	84555	0
1280	376	5	0	0	89069	89070	0
600	441	5	0	0	120750	122503	1
364	610	4	0	0	130749	132377	1
14928	430	5	1	0	21049	21050	0
120	395	5	0	0	322559	324119	1
156	382	6	0	0	51960	51962	0
281	540	103	0	0	301505	303219	1
