n_blocks	sec_no	n_free_secs	sec_type	n_blks_node	gc_sec_latency	gc_total_latency	gc_type
5	833	16	1	5	293393	294608	1
7263	668	17	1	0	130582	130582	0
328	627	5	0	0	189641	193559	1
691	700	6	0	0	111316	112881	0
14625	711	5	1	0	190113	190114	0
343	572	4	0	0	347302	351537	1
386	730	5	0	0	89889	94581	0
378	804	5	0	0	80383	83250	0
420	343	5	0	0	62682	68673	0
606	347	5	0	0	105583	112700	0
444	353	5	0	0	60684	62910	0
445	357	5	0	0	79763	50258	0
348	456	3	0	0	55884	144005	1
444	359	5	0	0	72996	75046	0
446	368	5	0	0	80947	83596	0
346	386	5	0	0	79271	84216	0
359	648	5	0	0	88491	93573	0
413	398	5	0	0	95579	101259	0
388	404	5	0	0	81991	88175	0
477	412	5	0	0	90252	93836	0
444	422	5	0	0	94254	57047	0
351	793	3	0	0	48272	150132	1
372	425	5	0	0	68901	70848	0
390	430	5	0	0	89721	93540	0
376	452	5	0	0	103753	109544	0
389	474	5	0	0	84059	86650	0
526	463	5	0	0	86943	90532	0
524	476	5	0	0	96323	102866	0
443	512	6	0	0	106904	42283	0
395	671	3	0	0	47791	162486	1
436	520	5	0	0	78655	83336	0
531	577	5	0	0	68981	72807	0
731	620	5	0	0	63314	72937	0
481	696	5	0	0	53950	60838	0
720	716	5	0	0	44247	49991	0
568	744	6	0	0	98417	101098	0
445	751	5	0	0	46258	50741	0
518	784	5	0	0	37400	42924	0
385	862	4	0	0	78061	83379	1
527	835	5	0	0	82017	88576	0
585	354	5	0	0	50911	54852	0
393	868	5	0	0	81281	90318	0
937	785	5	0	0	58580	68548	0
816	740	5	0	0	48309	54186	0
6355	833	6	1	0	13532	13533	0
1052	870	4	0	0	179890	192635	1
7261	858	5	1	0	43794	43795	0
3569	356	5	0	0	330807	354015	1
8273	803	6	1	0	17093	17094	0
8086	804	5	1	8086	154344	206037	1
12260	888	6	0	0	78086	160167	0
22235	395	4	0	0	389811	492858	1
23521	384	5	0	0	115840	181739	0
23542	419	5	0	0	199166	295807	0
23375	468	5	0	0	133946	315508	0
23363	370	3	0	0	570290	759346	1
47932	424	5	0	0	227462	767137	0
22066	862	3	1	30526	244866	604553	1
23225	548	4	0	0	556453	608444	1
22749	858	5	1	0	23880	23880	0
23598	823	5	0	0	807031	878861	1
23619	443	6	0	0	107894	160377	0
23487	397	5	0	0	129031	206183	0
23631	499	4	0	0	590989	0	1
23711	613	3	0	0	550087	1242483	1
23723	0	5	0	0	149577	328809	0
23504	457	3	0	0	604628	851543	1
23496	468	5	1	0	14994	14994	0
23418	837	4	0	0	895339	963106	1
24225	358	5	0	0	174011	348213	0
23490	548	3	1	31030	208203	504699	1
23701	365	5	0	0	75607	89085	0
23427	407	5	0	0	231409	324699	0
23316	880	3	0	0	617721	922027	1
23425	483	5	0	0	166801	310193	0
23544	692	5	0	0	133748	298429	0
21901	862	3	1	26823	121168	389487	1
23463	391	5	0	0	155603	348144	0
23122	780	3	0	0	638374	904555	1
23477	349	5	0	0	175375	341807	0
22446	548	3	1	29341	181274	491720	1
23644	344	5	0	0	124615	332959	0
22800	761	3	0	0	555673	0	1
22839	532	2	0	0	518361	1288334	1
22998	377	5	0	0	92782	214130	0
23011	373	5	0	0	136717	257850	0
21898	692	5	1	0	26289	26289	0
22616	501	5	0	0	783679	853001	1
23010	381	5	0	0	160551	323628	0
22395	652	5	0	0	200899	332190	0
21906	862	5	1	0	18897	18898	0
22335	437	5	0	0	743654	817580	1
22396	394	5	0	0	142170	312470	0
22210	783	3	0	0	596122	836133	1
22314	396	5	0	0	156990	293348	0
22365	410	5	0	0	105918	175439	0
22314	348	5	0	0	110077	253626	0
22226	352	5	0	0	107036	202484	0
13724	862	4	1	13724	83588	161463	1
22298	345	5	0	0	190148	325522	0
22337	376	5	0	0	127850	208451	0
22294	366	5	0	0	123974	194127	0
21606	484	5	0	0	103947	179423	0
21466	411	5	0	0	144422	304691	0
19966	783	3	1	19966	109987	383464	1
21482	413	5	0	0	121254	255488	0
21369	382	5	0	0	209773	312498	0
21555	378	5	0	0	149543	184379	0
20813	480	5	0	0	180411	278591	0
20917	497	5	0	0	150035	286927	0
12063	484	5	1	0	14688	14688	0
20794	687	5	0	0	604402	673234	1
20982	510	5	0	0	186412	238911	0
20834	416	5	0	0	184977	316688	0
20744	400	5	0	0	145283	289675	0
16886	783	3	1	16887	65025	352117	1
20267	529	4	0	0	495063	556703	1
20319	525	5	0	0	147314	296950	0
20208	418	5	0	0	148967	316504	0
20031	623	3	0	0	531976	790723	1
17648	687	4	1	17648	36818	141873	1
20337	383	5	0	0	164156	272701	0
21889	692	5	1	0	353808	353810	0
19619	723	4	0	0	817540	0	1
19669	633	3	0	0	456237	1347443	1
20342	342	5	0	0	136531	201173	0
19437	421	5	0	0	142555	290475	0
19255	775	3	0	0	541029	760292	1
19624	406	5	0	0	144371	241176	0
19060	557	5	0	0	92685	263018	0
18794	616	2	0	0	497741	0	1
18857	644	2	0	0	449366	1123267	1
11012	687	5	1	0	10792	10793	0
18867	805	5	0	0	547628	605700	1
19048	449	6	0	0	53808	74128	0
19065	435	5	0	0	84310	113597	0
18414	472	5	0	0	171022	277811	0
18355	682	3	0	0	517308	779240	1
17684	421	4	1	17684	38134	142893	1
18412	491	5	0	0	72565	85675	0
18215	445	5	0	0	162102	245545	0
17938	544	3	0	0	505657	774105	1
18389	447	5	0	0	85047	107661	0
18314	341	5	0	0	154054	272687	0
17463	859	2	0	0	505465	0	1
17508	820	2	0	0	435696	1222108	1
5800	449	5	1	0	11474	11475	0
17483	847	5	0	0	526474	585081	1
17561	453	6	0	0	120630	203431	0
17114	531	5	0	0	178359	289985	0
16960	462	5	0	0	142978	251049	0
12232	491	4	1	12232	52116	120881	1
17021	477	5	0	0	159724	262582	0
16598	624	3	0	0	448926	701937	1
21889	783	5	1	0	18406	18406	0
16521	607	4	0	0	757617	820062	1
17122	346	5	0	0	159306	270595	0
16885	375	5	0	0	164840	262491	0
16128	773	3	0	0	458265	737115	1
16364	488	5	0	0	172219	280096	0
16301	470	4	0	0	38715	183737	0
11617	624	5	1	0	13678	13679	0
15712	713	5	0	0	558151	617094	1
15727	603	5	0	0	143094	245896	0
15644	500	5	0	0	158000	258726	0
15710	504	5	0	0	103925	185598	0
11025	783	4	1	11025	109569	175740	1
15731	388	5	0	0	77301	250212	0
15122	594	3	0	0	416483	558523	1
15602	351	5	0	0	145925	243388	0
14977	517	5	0	0	140588	230227	0
14616	580	4	0	0	381038	0	1
14710	614	3	0	0	373623	829249	1
9129	713	5	1	0	14244	14245	0
14710	683	5	0	0	483792	549035	1
15071	399	6	0	0	242876	242876	0
14305	609	5	0	0	461751	523155	1
14444	402	5	0	0	130032	211024	0
14065	661	3	0	0	415078	658785	1
8118	783	5	1	0	15018	15019	0
13870	702	5	0	0	447922	504065	1
14187	401	6	0	0	132142	167487	0
13819	565	5	0	0	125005	226605	0
13670	438	5	0	0	149265	214491	0
13282	869	3	0	0	390886	641370	1
8715	609	5	1	0	12468	12469	0
13260	615	5	0	0	425090	475940	1
13818	369	6	0	0	152450	220216	0
21889	531	5	1	0	28752	28753	0
12783	651	4	0	0	667330	722502	1
12993	420	5	0	0	140931	234601	0
13097	426	5	0	0	128253	215203	0
12477	540	5	0	0	141333	231737	0
12403	427	5	0	0	109749	205303	0
12242	827	3	0	0	361904	584050	1
11270	869	4	1	11270	95996	161444	1
12344	439	5	0	0	106932	138540	0
11876	550	5	0	0	123526	228960	0
11864	454	5	0	0	97021	191838	0
11489	521	2	0	0	327811	0	1
11513	639	2	0	0	302936	828100	1
11841	448	5	0	0	81010	165373	0
7720	540	5	1	0	19050	19051	0
11172	750	5	0	0	375456	423182	1
11204	857	6	0	0	149966	218008	0
11194	390	5	0	0	134056	203429	0
10774	842	3	0	0	325748	524815	1
10561	876	4	0	0	352457	408207	1
9638	550	5	1	0	14882	14882	0
10383	583	5	0	0	378681	434045	1
10442	469	6	0	0	149140	206432	0
10030	818	4	0	0	277868	327674	1
10218	464	5	0	0	135165	178800	0
9850	535	3	0	0	294837	519520	1
10333	360	5	0	0	109859	142572	0
5834	639	5	1	0	14027	14028	0
9501	826	5	0	0	345629	396421	1
9778	494	6	0	0	82949	120607	0
9187	779	4	0	0	302786	343600	1
9192	590	5	0	0	102203	166335	0
8934	676	3	0	0	268783	456457	1
9139	523	5	0	0	102287	142064	0
5672	876	5	1	0	10649	10649	0
8590	602	5	0	0	320464	369623	1
16416	702	6	1	0	17917	17918	0
8417	617	5	0	0	526165	570402	1
8555	575	6	0	0	84656	127717	0
8564	371	5	0	0	84706	181311	0
7905	647	3	0	0	236899	385170	1
7908	742	5	0	0	113251	161461	0
7738	871	3	0	0	229008	406481	1
7914	451	5	0	0	125994	182542	0
7935	455	5	0	0	65225	106473	0
7807	362	5	0	0	98764	139149	0
7234	509	5	0	0	117514	169532	0
7237	415	5	0	0	92608	140501	0
6888	507	4	0	0	198876	239840	1
7293	372	5	0	0	106796	140852	0
7193	355	5	0	0	103318	152206	0
2055	702	5	1	0	11854	11854	0
6386	657	5	0	0	249681	289451	1
27464	384	6	0	0	95754	147189	0
6655	350	5	0	0	79271	125726	0
6604	361	5	0	0	80982	133276	0
5862	806	4	0	0	231100	268164	1
5948	436	5	0	0	101012	147610	0
4272	509	5	1	0	13743	13744	0
5516	737	5	0	0	217670	252109	1
5979	363	6	0	0	114035	131204	0
5060	543	5	0	0	118925	109797	0
4883	732	3	0	0	156639	338496	1
5139	367	5	0	0	107789	132968	0
4958	364	5	0	0	107201	115619	0
1129	657	3	1	4778	9031	162606	1
4596	638	5	0	0	113657	146874	0
4564	380	5	0	0	115023	146107	0
4434	379	5	0	0	116443	109144	0
3971	822	3	0	0	129799	302865	1
4357	374	5	0	0	84596	102302	0
3867	387	5	0	0	90769	118406	0
9909	826	5	1	0	15367	15368	0
8	737	5	1	8	230507	232556	1
26433	888	6	0	0	88522	389049	0
3003	665	3	0	0	115751	255068	1
3251	385	5	0	0	84296	109034	0
2901	882	4	0	0	150703	176477	1
11980	876	5	1	0	14958	14958	0
2648	601	5	0	0	346644	369684	1
2685	392	6	0	0	104239	122626	0
2684	389	5	0	0	89037	99107	0
2015	768	5	0	0	96692	72193	0
1912	629	3	0	0	88326	217890	1
2043	417	5	0	0	87361	104945	0
1984	393	5	0	0	71347	75245	0
1578	403	5	0	0	97874	114539	0
1406	579	5	0	0	79676	94025	0
1254	405	5	0	0	91192	98392	0
1174	408	5	0	0	61380	72595	0
1057	409	5	0	0	93303	55089	0
553	728	3	0	0	53954	156607	1
636	414	5	0	0	102936	116359	0
669	423	5	0	0	61016	67147	0
470	429	5	0	0	37149	37149	0
200	432	5	0	0	382622	0	0
17	429	4	0	0	71228	455124	1
123	440	5	0	0	17759	17760	0
