n_blocks	sec_no	n_free_secs	sec_type	n_blks_node	gc_sec_latency	gc_total_latency	gc_type
202	498	17	0	0	331887	334658	1
6961	447	18	1	0	96915	96916	0
216	869	5	0	0	190211	192007	1
322	526	6	0	0	129378	130336	0
254	566	5	0	0	73946	75613	0
258	870	5	0	0	81903	83721	0
14928	589	5	1	0	203419	203420	0
303	874	4	0	0	352575	354738	1
389	468	5	0	0	83276	85943	0
338	474	5	0	0	85235	87277	0
321	0	5	0	0	62487	62489	0
300	499	5	0	0	129255	131595	1
347	494	6	0	0	104753	106024	0
430	533	5	0	0	81859	85796	0
411	586	5	0	0	57488	53878	0
344	449	3	0	0	52152	114244	1
362	365	5	0	0	111748	113696	0
359	490	5	0	0	54925	54925	0
345	546	5	0	0	128031	133536	1
391	558	6	0	0	110473	112661	0
426	572	5	0	0	87326	88690	0
616	346	5	0	0	92813	94891	0
720	364	5	0	0	87189	91304	0
476	413	5	0	0	110757	51197	0
367	548	3	0	0	59358	173829	1
383	444	5	0	0	96401	98345	0
455	523	5	0	0	80853	82019	0
416	581	5	0	0	59735	61798	0
506	412	5	0	0	99295	101845	0
442	469	5	0	0	88050	89938	0
468	550	6	0	0	51687	51688	0
581	579	5	0	0	165576	168787	1
771	349	6	0	0	55523	55523	0
610	519	5	0	0	132765	136004	1
740	348	4	0	0	138245	141887	1
912	397	5	0	0	54306	56786	0
824	477	5	0	0	81928	84596	0
974	666	5	1	0	41259	41260	0
1	572	5	1	1	67192	68063	1
1621	408	6	0	0	101813	103022	0
5987	677	5	1	0	40606	40606	0
796	870	5	1	835	201878	216467	1
1844	644	4	0	0	153311	161845	1
14130	655	5	1	0	43434	43435	0
5703	579	5	1	5703	293207	327069	1
51175	376	6	0	0	161693	334310	0
24487	375	5	0	0	166782	341598	0
25092	762	3	0	0	654766	0	1
25124	557	2	0	0	592947	1519260	1
25452	341	5	0	0	97576	171825	0
24871	602	5	0	0	239262	376725	0
24917	684	5	0	0	155111	318578	0
24811	727	5	0	0	126194	284862	0
21894	572	5	1	0	22625	22625	0
24502	655	4	1	24502	316049	459312	1
24754	343	5	0	0	121490	191829	0
24849	344	5	0	0	131730	249770	0
24647	347	4	0	0	90825	260681	0
24699	355	5	0	0	148901	342321	0
24279	864	3	0	0	659467	903432	1
24312	839	5	0	0	66103	137239	0
24109	361	5	0	0	134646	301156	0
23873	827	3	0	0	651510	867516	1
24017	363	5	0	0	149265	300018	0
19367	727	4	1	19367	41170	155819	1
21894	684	5	1	0	26897	26898	0
23436	787	5	0	0	873035	937296	1
23615	532	5	0	0	105158	352592	0
23411	802	3	0	0	632550	0	1
23420	747	2	0	0	541506	1353192	1
23668	431	5	0	0	157577	274787	0
23633	374	5	0	0	174251	317591	0
23662	368	5	0	0	127560	218078	0
23012	737	5	0	0	177418	324439	0
21891	827	3	1	29562	167477	497347	1
22957	752	4	0	0	541428	604263	1
19341	787	5	1	0	16775	16775	0
22633	782	5	0	0	717080	777937	1
35205	369	6	0	0	162385	317402	0
22494	797	4	0	0	528308	591303	1
22985	371	5	0	0	175055	315175	0
22426	859	3	0	0	606525	883295	1
22906	377	5	0	0	139708	225659	0
22364	391	5	0	0	184388	310122	0
21889	802	3	1	30510	194507	510589	1
18435	827	4	1	18435	41890	153283	1
22346	485	5	0	0	98350	115076	0
22037	453	5	0	0	144089	303963	0
21735	852	3	0	0	591699	818069	1
22376	350	4	0	0	492210	559888	0
22246	400	5	0	0	132373	307995	0
21789	547	3	0	0	588539	827937	1
22391	345	5	0	0	196809	266492	0
21603	460	5	0	0	154272	312380	0
21228	842	3	0	0	577443	832578	1
21498	517	5	0	0	173654	315646	0
7811	485	4	1	7811	83188	127918	1
21502	420	5	0	0	151089	334795	0
20810	817	3	0	0	572535	823873	1
21889	377	5	1	0	21690	21690	0
20812	812	4	0	0	826398	891081	1
20881	552	5	0	0	136408	273055	0
20837	518	5	0	0	112351	236431	0
20955	529	5	0	0	121861	335938	0
20367	702	3	0	0	532652	729029	1
20747	459	5	0	0	203398	303908	0
20265	767	3	0	0	537785	825587	1
12084	817	5	1	0	13768	13769	0
19995	832	5	0	0	647285	709002	1
20103	530	5	0	0	168274	307067	0
21004	842	5	1	0	25012	25012	0
19576	554	4	0	0	821165	886926	1
19683	707	5	0	0	129054	285485	0
18279	812	3	1	26129	123058	397156	1
19659	592	5	0	0	130322	274246	0
19535	724	3	0	0	552955	790207	1
19670	542	5	0	0	131707	282007	0
19127	807	3	0	0	503500	733156	1
19564	358	5	0	0	186862	289163	0
19056	790	5	0	0	176639	262115	0
18990	691	3	0	0	545231	845017	1
17397	812	4	1	17397	48674	141377	1
19022	568	5	0	0	94996	173992	0
18909	538	5	0	0	131850	297744	0
18512	837	3	0	0	526774	753617	1
19044	470	5	0	0	142770	247090	0
16749	807	4	1	16749	36329	136031	1
21889	832	5	1	0	19205	19207	0
18185	857	5	0	0	780084	843817	1
18351	585	6	0	0	123086	183016	0
18088	854	4	0	0	445090	510699	1
18430	508	5	0	0	144671	270943	0
51885	579	5	0	0	325336	534034	0
17720	847	5	0	0	135067	251645	0
18211	354	5	0	0	105433	228954	0
17818	689	4	0	0	448851	510463	1
14142	857	5	1	0	16727	16728	0
17422	822	5	0	0	582358	642420	1
58872	408	6	0	0	71366	154796	0
17660	502	5	0	0	161944	270704	0
17254	754	3	0	0	487145	774769	1
21889	837	4	1	21888	42077	175446	0
17579	380	5	0	0	134541	251399	0
4170	854	5	1	0	13521	13522	0
16937	867	5	0	0	499740	567239	1
17123	536	5	0	0	120545	275760	0
16609	777	3	0	0	447401	656734	1
17093	394	5	0	0	125205	237981	0
17014	359	5	0	0	184806	269185	0
16311	819	3	0	0	473813	779450	1
16356	603	5	0	0	126701	204719	0
16052	750	4	0	0	417418	478915	1
13842	867	5	1	0	16716	16717	0
16057	697	5	0	0	522676	585021	1
16326	438	5	0	0	148053	256256	0
15696	621	5	0	0	150456	255407	0
15651	632	5	0	0	130898	235170	0
9852	819	4	1	9852	94375	151026	1
21889	822	5	1	0	25263	25265	0
15168	755	5	0	0	716270	776414	1
15491	411	5	0	0	106608	215625	0
15515	432	5	0	0	104009	209594	0
15518	443	5	0	0	101675	183577	0
15054	544	5	0	0	110447	233115	0
14606	765	3	0	0	435398	656606	1
15029	456	5	0	0	141581	241153	0
14519	829	4	0	0	383852	444438	1
8582	822	5	1	0	11037	11039	0
14189	795	5	0	0	483907	543772	1
14202	682	5	0	0	145405	249276	0
14434	561	5	0	0	116998	154215	0
14391	537	5	0	0	114446	219960	0
9495	765	4	1	9495	69874	125381	1
21889	867	5	1	0	28258	28258	0
13576	709	5	0	0	690660	749476	1
13637	562	5	0	0	138217	230801	0
13285	740	3	0	0	385741	631526	1
13782	451	5	0	0	140953	224944	0
13739	491	5	0	0	131248	198735	0
13159	681	5	0	0	129045	226696	0
12881	805	3	0	0	369726	606503	1
13029	545	5	0	0	128149	220031	0
6889	822	4	1	6889	93945	132209	1
13060	503	5	0	0	164874	254068	0
12513	687	5	0	0	144301	238975	0
57223	368	5	0	0	363314	550425	0
21889	795	5	1	0	19266	19266	0
12303	704	5	0	0	599347	650221	1
11301	805	4	1	11301	87217	156811	1
12490	551	5	0	0	118337	181957	0
12435	367	5	0	0	116423	213930	0
11771	834	3	0	0	346983	571148	1
11870	601	5	0	0	142805	227667	0
59319	644	5	0	0	384009	835120	0
11441	820	3	0	0	436314	903539	1
50468	579	5	0	0	283787	427838	0
11257	735	5	0	0	58130	189510	0
11192	800	3	0	0	339965	0	1
11211	760	2	0	0	299191	770156	1
11240	785	5	0	0	141264	219553	0
1275	805	5	1	0	12885	12886	0
10803	810	5	0	0	360095	412429	1
21889	822	6	1	0	27091	27091	0
10434	769	4	0	0	619105	668307	1
51544	857	5	0	0	204666	155788	0
10269	692	3	0	0	401156	695947	1
10485	565	5	0	0	112347	169670	0
10434	356	5	0	0	145996	170951	0
9953	804	3	0	0	298925	548608	1
9991	779	4	0	0	279819	331252	1
10345	416	5	0	0	57483	73770	0
5751	810	5	1	0	15843	15843	0
9743	815	5	0	0	345832	395467	1
9834	628	6	0	0	91852	106837	0
9742	366	5	0	0	73618	111104	0
21889	820	5	1	0	20121	20121	0
9055	759	4	0	0	591651	638890	1
9211	616	5	0	0	124758	193223	0
9211	472	5	0	0	80955	129720	0
7826	857	5	1	0	18753	18753	0
8508	699	4	0	0	458718	502534	1
8543	774	5	0	0	108663	173429	0
28783	752	5	0	0	136174	324557	0
8572	419	5	0	0	110140	176659	0
8569	405	5	0	0	122449	172771	0
7912	888	5	0	0	100762	161773	0
7889	596	5	0	0	42814	121465	0
7852	606	5	0	0	95529	161376	0
3752	759	3	1	6856	12409	173484	1
7923	479	5	0	0	122965	182403	0
43996	832	5	0	0	178382	363304	0
21889	815	5	1	0	23980	23980	0
7066	844	5	0	0	565917	613760	1
7086	725	4	0	0	236509	281143	1
7224	575	5	0	0	105792	161014	0
7209	362	5	0	0	111338	165159	0
5362	774	5	1	0	12457	12458	0
6626	732	5	0	0	367014	405213	1
6359	825	4	0	0	261495	299958	1
6621	372	5	0	0	109073	157858	0
6628	373	5	0	0	107897	147536	0
5905	710	5	0	0	116266	164226	0
6007	543	4	0	0	24675	86310	0
5975	580	5	0	0	150059	182998	0
5986	512	5	0	0	109938	158280	0
6004	418	5	0	0	99879	117408	0
5102	725	5	1	0	5691	5691	0
5158	879	5	0	0	239288	273926	1
26139	847	6	0	0	121901	318924	0
4857	701	3	0	0	166835	0	1
4872	711	2	0	0	143638	507007	1
18851	832	5	1	0	17035	17036	0
4664	775	5	0	0	455980	488494	1
5206	351	6	0	0	110602	110604	0
3044	774	5	1	3044	94844	111045	1
4039	855	4	0	0	203716	232200	1
3926	595	4	0	0	191402	218397	1
3954	516	5	0	0	94812	136957	0
3898	428	5	0	0	82608	112027	0
3859	342	5	0	0	107712	122386	0
3319	721	5	0	0	114370	139336	0
3276	582	5	0	0	81548	105374	0
2944	838	4	0	0	134160	157081	1
3099	352	5	0	0	109351	134072	0
3030	353	5	0	0	64081	79515	0
857	847	5	1	0	5751	5751	0
2355	475	5	0	0	161859	181345	1
2525	357	6	0	0	114920	127999	0
21889	879	5	1	0	18281	18282	0
1967	564	4	0	0	268355	285770	1
23009	562	5	0	0	165369	243384	0
1970	360	5	0	0	95243	112920	0
21575	368	5	0	0	164970	286288	0
1545	370	5	0	0	90385	107737	0
1345	471	4	0	0	14076	26327	0
1230	587	5	0	0	59613	70500	0
1091	388	5	0	0	79310	88630	0
929	383	5	0	0	81755	92367	0
741	694	5	0	0	71324	78750	0
534	415	5	0	0	85399	92353	0
37548	785	5	0	0	202659	369246	0
428	435	5	0	0	74790	80377	0
13	706	41	0	0	289388	291680	1
