n_blocks	sec_no	n_free_secs	sec_type	n_blks_node	gc_sec_latency	gc_total_latency	gc_type
517	355	126	0	0	367376	374030	1
8546	721	127	1	0	114176	114177	0
342	852	14	0	0	295944	300276	1
13343	475	15	1	0	247332	247333	0
342	797	6	0	0	225449	233342	1
8546	849	7	1	0	23695	23695	0
342	554	5	0	0	225780	230233	1
343	431	6	0	0	95978	43269	0
345	400	3	0	0	49604	152716	1
349	677	5	0	0	89397	90487	0
406	394	5	0	0	88313	91823	0
349	702	5	0	0	95103	99326	0
799	747	5	0	0	89137	94519	0
484	354	5	0	0	68869	75722	0
378	363	5	0	0	49501	53118	0
451	369	5	0	0	52006	54617	0
354	375	5	0	0	75004	77563	0
338	518	3	0	0	51305	133553	1
505	380	5	0	0	48225	51902	0
449	391	5	0	0	68592	71866	0
382	460	5	0	0	77522	81997	0
452	632	5	0	0	73100	76937	0
392	655	5	0	0	44410	48692	0
336	707	5	0	0	55915	59977	0
507	755	5	0	0	71736	76067	0
335	762	5	0	0	82184	90111	0
3	849	4	1	3	11053	11987	1
610	377	5	0	0	54502	57721	0
499	765	5	0	0	67881	72227	0
448	802	5	0	0	51044	55862	0
402	790	5	0	0	53619	56671	0
332	839	6	0	0	66868	72829	0
2027	807	5	0	0	88161	101564	0
501	572	5	0	0	74977	83000	0
487	603	4	0	0	82152	89939	1
600	621	5	0	0	88854	95125	0
667	822	5	0	0	73374	76602	0
1086	692	5	0	0	79756	87642	0
13341	868	5	1	0	38569	38569	0
3	755	5	1	3	274873	275761	1
1232	759	6	0	0	104115	75752	0
2038	451	3	0	0	88230	205836	1
8545	872	5	1	0	32759	32759	0
2048	580	5	0	0	335634	355564	1
3836	699	5	0	0	86255	104471	0
5726	825	5	0	0	109537	134847	0
21763	503	5	0	0	111835	144231	0
12330	752	5	0	0	94573	169744	0
56979	564	5	0	0	422711	621060	0
13344	807	4	1	13344	29762	108476	0
14563	838	5	0	0	102704	225038	0
20751	644	3	0	0	525297	704984	1
14264	822	5	1	0	26085	26085	0
21223	601	5	0	0	732541	781245	1
23500	453	6	0	0	155263	331252	0
22956	532	3	0	0	620659	850389	1
23668	592	5	0	0	134895	283655	0
23155	602	5	0	0	127065	198249	0
23499	420	5	0	0	119673	277911	0
23537	837	5	0	0	118732	267183	0
22672	872	5	1	0	19828	19829	0
22393	838	4	1	22393	387034	519044	1
23628	456	5	0	0	202272	370060	0
23468	459	5	0	0	91280	118347	0
23622	477	5	0	0	150197	350242	0
23131	760	2	0	0	631913	0	1
23373	787	2	0	0	538950	1454154	1
23652	359	5	0	0	156885	320149	0
23141	837	3	1	30492	196200	480914	1
23411	358	5	0	0	94669	159883	0
23590	416	5	0	0	216161	327703	0
23212	740	3	0	0	593861	890689	1
23522	376	5	0	0	172063	266267	0
23581	366	5	0	0	171093	331381	0
23427	724	3	0	0	659540	932264	1
22171	872	5	1	0	18920	18921	0
23168	447	4	0	0	898189	0	1
23279	604	3	0	0	536971	1506855	1
23540	0	5	0	0	154800	314113	0
23526	344	5	0	0	158829	321816	0
21893	837	3	1	28965	162320	462835	1
23046	847	4	0	0	548424	617629	1
23597	341	5	0	0	112244	192154	0
22990	346	5	0	0	169975	289108	0
21234	724	3	1	29377	178391	487565	1
22758	353	5	0	0	173441	290143	0
22575	737	3	0	0	590590	0	1
22600	658	2	0	0	516997	1385738	1
23033	351	5	0	0	111422	170118	0
22357	385	5	0	0	139894	308489	0
22118	610	3	0	0	608907	830121	1
22398	345	5	0	0	168207	319157	0
22247	368	5	0	0	164948	281605	0
19639	724	4	1	19639	39617	156949	1
22258	373	5	0	0	160904	274503	0
21981	378	5	0	0	171857	329415	0
22267	360	5	0	0	101410	250953	0
22294	361	5	0	0	126882	252639	0
11965	737	5	1	0	15214	15215	0
21360	750	5	0	0	633798	706509	1
21889	872	5	1	0	22483	22484	0
21255	805	5	0	0	801893	874417	1
21398	397	5	0	0	136342	270302	0
21352	399	5	0	0	87167	137229	0
21482	381	5	0	0	132760	270588	0
20940	413	5	0	0	118638	250621	0
20985	410	5	0	0	142373	321173	0
20724	545	3	0	0	563901	787610	1
19897	750	4	1	19896	40667	158870	0
20905	406	5	0	0	135197	212459	0
20339	492	5	0	0	170933	303123	0
20373	634	3	0	0	584873	830915	1
20834	383	5	0	0	98597	141257	0
20299	403	5	0	0	130157	268131	0
19859	618	3	0	0	522624	725187	1
21889	724	5	1	0	17718	17719	0
10814	413	5	1	10814	341371	403381	1
20196	396	6	0	0	132422	234314	0
19661	423	4	0	0	79078	258389	0
19585	568	3	0	0	555075	720398	1
19686	521	5	0	0	67110	106622	0
19703	405	5	0	0	156921	305050	0
19220	611	3	0	0	555959	811521	1
19284	418	5	0	0	119833	226709	0
19045	490	5	0	0	163102	281225	0
18932	501	2	0	0	528288	0	1
18941	548	2	0	0	455216	1230303	1
11829	750	5	1	0	18176	18177	0
18721	620	5	0	0	607858	670274	1
18989	392	5	0	0	162283	268683	0
19070	425	5	0	0	139970	182181	0
18928	387	5	0	0	161887	283283	0
16904	611	3	1	16904	55928	350870	1
18164	652	4	0	0	470306	531509	1
21889	492	5	1	0	26398	26399	0
18166	646	5	0	0	779871	844160	1
18363	429	5	0	0	118506	152472	0
18238	417	5	0	0	146468	277652	0
17576	732	3	0	0	505421	753656	1
17745	461	5	0	0	145099	261608	0
17692	470	5	0	0	123753	218292	0
17623	432	5	0	0	113192	255918	0
17780	433	4	0	0	55839	200534	0
14548	750	5	1	0	21421	21421	0
17064	678	5	0	0	540610	587401	1
17082	511	6	0	0	118270	223093	0
17047	440	5	0	0	101227	206326	0
17066	464	5	0	0	131947	199639	0
16534	767	4	0	0	430284	0	1
16571	674	3	0	0	424681	936944	1
12322	492	5	1	0	14569	14570	0
16617	543	5	0	0	548767	615811	1
16873	347	6	0	0	106464	118201	0
21889	620	5	1	0	11789	11789	0
16180	551	4	0	0	646385	708386	1
16356	467	5	0	0	144721	250666	0
16232	437	5	0	0	112759	160885	0
16238	382	5	0	0	151350	268418	0
15452	511	3	1	22767	92021	385031	1
15699	485	4	0	0	407822	462549	1
16162	388	5	0	0	141112	194430	0
15674	428	5	0	0	87882	236995	0
15298	536	3	0	0	413377	572973	1
15634	389	5	0	0	143766	257384	0
12102	674	5	1	0	13404	13405	0
14973	574	5	0	0	676276	736071	1
14899	482	4	0	0	468476	528052	1
15003	441	5	0	0	123055	214049	0
13624	467	5	1	0	15757	15757	0
14576	555	4	0	0	587568	642958	1
15098	395	5	0	0	132765	233727	0
14450	596	5	0	0	156239	235994	0
14416	446	5	0	0	151533	223778	0
14009	529	3	0	0	403033	647557	1
14367	434	5	0	0	159984	199916	0
13997	844	3	0	0	409860	685651	1
5638	574	5	1	0	15520	15520	0
13609	663	5	0	0	469218	523804	1
13770	452	5	0	0	126054	211704	0
13614	498	5	0	0	120498	196206	0
13774	402	4	0	0	37277	156861	0
13624	408	5	0	0	141493	243191	0
4166	596	5	1	0	14144	14145	0
13046	800	5	0	0	441451	497877	1
13165	466	5	0	0	151927	238016	0
21889	485	5	1	0	19975	19975	0
12692	682	4	0	0	641895	696635	1
13035	364	5	0	0	89881	169161	0
8373	663	5	1	0	16123	16123	0
12282	502	5	0	0	546573	602960	1
12517	486	6	0	0	91877	169266	0
12491	409	5	0	0	149578	204262	0
12354	422	5	0	0	148018	232194	0
12498	421	5	0	0	98342	161349	0
11903	519	5	0	0	99969	202894	0
11553	642	3	0	0	340293	519260	1
53684	503	5	0	0	321846	783599	0
11508	582	3	0	0	430328	871373	1
5639	682	5	1	0	9073	9074	0
11334	834	5	0	0	365821	426152	1
24763	451	6	0	0	120993	147108	0
11186	455	5	0	0	127222	195714	0
10805	547	3	0	0	323713	546168	1
10827	711	4	0	0	303201	355692	1
11065	426	5	0	0	149150	231774	0
21889	800	5	1	0	19633	19633	0
605	642	5	1	605	338370	341953	1
10442	566	6	0	0	135144	206699	0
10455	450	5	0	0	171784	255238	0
10476	438	5	0	0	90844	159613	0
10468	365	5	0	0	97867	132413	0
10317	407	5	0	0	124629	202328	0
9854	480	5	0	0	113230	185632	0
9728	476	5	0	0	106041	181365	0
9409	581	4	0	0	348699	393690	1
6971	711	5	1	0	13169	13171	0
9214	660	5	0	0	360795	407673	1
9636	349	5	0	0	135516	208414	0
9152	491	5	0	0	92387	162178	0
9209	398	5	0	0	121462	190518	0
8642	524	3	0	0	272777	480843	1
9018	427	5	0	0	84381	138512	0
2227	566	5	1	0	12451	12451	0
8301	598	5	0	0	302725	349527	1
8465	458	6	0	0	131351	205438	0
21889	682	5	1	0	23193	23193	0
8032	637	4	0	0	477703	521637	1
8563	342	5	0	0	126810	189952	0
7873	489	5	0	0	87703	144132	0
5245	581	5	1	0	14345	14345	0
7397	546	4	0	0	302086	343696	1
7887	348	5	0	0	120371	160343	0
7255	496	5	0	0	114198	165633	0
7266	379	5	0	0	123787	175486	0
7196	350	5	0	0	89503	152541	0
6595	669	5	0	0	92903	139109	0
6602	704	5	0	0	120613	147405	0
6422	606	3	0	0	191118	378232	1
6599	390	5	0	0	132966	179110	0
3066	637	5	1	0	8217	8217	0
6060	649	5	0	0	235543	272231	1
6446	352	6	0	0	109061	130151	0
6012	393	5	0	0	91016	108427	0
5932	356	5	0	0	100659	136377	0
5290	654	4	0	0	241502	0	1
5317	867	3	0	0	156752	451242	1
5904	343	5	0	0	112660	161553	0
21889	598	5	1	0	18370	18370	0
6	669	5	1	6	336063	337024	1
5243	357	6	0	0	111463	147797	0
4552	468	4	0	0	197112	229038	1
4596	515	5	0	0	117464	153533	0
4518	367	5	0	0	112349	148698	0
4533	371	5	0	0	87686	98277	0
4312	362	5	0	0	96949	126261	0
3939	469	5	0	0	90240	123786	0
3648	667	4	0	0	163318	192999	1
3950	372	5	0	0	87814	98740	0
3698	370	5	0	0	101243	128396	0
4	867	5	1	0	12270	12271	0
3023	769	5	0	0	168224	192111	1
3218	386	5	0	0	102434	124180	0
3070	374	5	0	0	100322	122700	0
2647	534	5	0	0	81253	102553	0
2457	681	4	0	0	148805	167678	1
2683	384	5	0	0	78351	95065	0
2651	401	5	0	0	60565	68173	0
7	598	5	1	0	10298	10298	0
1867	512	5	0	0	131367	148135	1
21889	704	6	1	0	16730	16730	0
1456	869	4	0	0	413704	427952	1
1806	404	5	0	0	59707	64547	0
1318	414	5	0	0	69895	82021	0
1365	412	5	0	0	76037	88690	0
1120	411	5	0	0	80666	87543	0
918	419	5	0	0	84402	96642	0
747	436	5	0	0	54475	60774	0
556	424	5	0	0	77744	80702	0
191	842	4	0	0	94999	97929	1
377	430	5	0	0	227903	234185	0
