n_blocks	sec_no	n_free_secs	sec_type	n_blks_node	gc_sec_latency	gc_total_latency	gc_type
95	681	155	1	95	111910	116746	1
484	351	156	0	0	64421	64423	0
229	532	18	0	0	300630	303934	1
565	415	19	0	0	52866	52866	0
3	842	4	1	3	144081	145000	1
21886	867	5	1	0	268026	268028	0
284	610	5	0	0	365494	369264	1
287	358	6	0	0	96308	97910	0
353	366	5	0	0	82161	85572	0
316	423	6	0	0	110340	52546	0
322	807	3	0	0	43267	158987	1
431	441	5	0	0	90749	94095	0
343	447	5	0	0	89746	92977	0
405	580	5	0	0	57022	63701	0
407	760	5	0	0	62937	65845	0
494	341	5	0	0	86423	91423	0
436	381	5	0	0	84815	86970	0
351	385	5	0	0	93234	99622	0
501	388	5	0	0	82196	86168	0
370	872	4	0	0	87887	92337	1
654	389	5	0	0	55006	58874	0
475	413	5	0	0	94709	101676	0
439	461	5	0	0	92747	96538	0
552	492	5	0	0	92938	97249	0
661	498	5	0	0	82114	89878	0
382	501	6	0	0	108489	112598	0
415	545	5	0	0	73657	81810	0
383	658	4	0	0	115734	121609	1
463	568	5	0	0	86488	89132	0
396	592	5	0	0	99259	103549	0
412	406	5	0	0	74028	76439	0
400	601	6	0	0	83880	90234	0
414	646	5	0	0	73674	75704	0
466	732	5	0	0	38660	45633	0
566	482	5	0	0	78835	87071	0
393	750	4	0	0	106665	111438	1
476	838	5	0	0	67986	73543	0
452	847	5	0	0	75103	83001	0
533	383	5	0	0	94725	100516	0
643	451	5	0	0	52041	55739	0
745	455	5	0	0	49104	58106	0
610	502	6	0	0	80382	73971	0
467	767	3	0	0	46659	133413	1
808	476	5	0	0	84452	88866	0
1131	682	5	0	0	67703	84688	0
1206	566	3	0	0	64519	151266	1
2625	409	5	0	0	90899	98185	0
21889	697	5	1	0	36844	36844	0
3	807	5	1	3	353748	361862	1
1728	352	6	0	0	68454	80096	0
18796	364	4	0	0	514839	570591	1
19206	362	5	0	0	117398	209962	0
22498	453	5	0	0	138807	316975	0
21886	782	3	1	27139	134815	416606	1
22905	759	4	0	0	541136	595526	1
23485	0	5	0	0	131401	282535	0
23433	399	5	0	0	137885	266040	0
23444	477	5	0	0	140399	279249	0
23022	807	5	1	0	18947	18947	0
23212	805	4	0	0	883759	0	1
23374	652	3	0	0	547926	1517179	1
23598	416	5	0	0	96297	109774	0
23033	752	5	0	0	153990	271017	0
21872	409	3	1	28572	168596	470362	1
22914	602	5	0	0	122461	253289	0
23144	422	4	0	0	625910	686260	1
23484	417	5	0	0	128327	269616	0
23596	678	5	0	0	95274	126909	0
23656	596	5	0	0	147241	335875	0
21892	453	3	1	30377	177262	478612	1
22970	724	4	0	0	536955	591871	1
24218	348	5	0	0	124253	169965	0
15687	752	5	1	0	15874	15875	0
23391	529	5	0	0	673455	744404	1
23532	353	6	0	0	131625	229463	0
23115	403	4	0	0	583484	0	1
23130	521	3	0	0	529460	1230684	1
23356	361	5	0	0	149880	188271	0
23623	349	5	0	0	176305	338519	0
23457	365	5	0	0	139088	299454	0
21893	678	5	1	0	22751	22751	0
21041	752	5	1	21041	247069	367541	1
22494	433	4	0	0	587774	0	1
22721	373	3	0	0	533589	1223123	1
22752	458	4	0	0	541696	605406	1
22798	434	5	0	0	146344	264266	0
22782	421	5	0	0	191975	331881	0
23025	369	5	0	0	121126	170750	0
22920	367	5	0	0	212640	364269	0
22394	692	5	0	0	155319	311769	0
18749	365	4	1	18749	37191	150325	1
22390	551	5	0	0	174064	308992	0
21890	596	3	1	28294	150212	465365	1
22236	464	5	0	0	153556	263910	0
22093	511	4	0	0	530607	598727	1
22289	391	5	0	0	168483	319954	0
21787	634	3	0	0	609140	881772	1
22110	367	5	1	0	19466	19466	0
21751	885	4	0	0	837516	900577	1
22090	356	5	0	0	166440	311935	0
21753	783	3	0	0	600108	850388	1
22122	360	5	0	0	126722	235377	0
21568	379	5	0	0	142855	288118	0
21560	384	5	0	0	475721	552946	0
15725	634	4	1	15724	27687	127265	0
21554	390	5	0	0	175172	303217	0
21072	736	3	0	0	543178	800905	1
21343	370	5	0	0	141683	284860	0
20986	481	5	0	0	102862	300379	0
17520	391	3	1	17521	56452	296579	1
20773	796	4	0	0	520332	581478	1
20884	432	5	0	0	152420	286281	0
20842	400	5	0	0	153853	305222	0
20482	831	3	0	0	570359	819851	1
20501	634	4	1	20501	42536	163814	1
20882	380	5	0	0	168733	292985	0
21889	458	5	1	0	16771	16771	0
20134	721	4	0	0	822723	880194	1
20339	468	5	0	0	109233	240149	0
20332	418	5	0	0	121711	171939	0
20220	394	5	0	0	169949	293483	0
19613	667	3	0	0	545588	828965	1
19669	587	5	0	0	165136	300161	0
19628	688	4	0	0	480238	540887	1
13869	796	5	1	0	15390	15390	0
19258	790	5	0	0	637327	701015	1
19636	402	5	0	0	111283	210385	0
19652	372	5	0	0	166835	296755	0
19120	518	4	0	0	466368	0	1
19164	654	3	0	0	469068	1024431	1
10596	667	5	1	0	15693	15694	0
18714	880	5	0	0	588642	644083	1
18996	446	6	0	0	155453	220739	0
18952	382	5	0	0	141206	280532	0
19020	410	4	0	0	427494	480048	0
21889	736	5	1	0	19525	19527	0
11606	688	5	1	11606	355636	428704	1
18355	556	6	0	0	120963	173989	0
18412	411	5	0	0	83666	237527	0
18383	426	5	0	0	104413	242696	0
18166	475	5	0	0	145782	262640	0
18228	344	5	0	0	142300	290537	0
17800	862	3	0	0	519662	765482	1
18112	343	5	0	0	147582	272324	0
17394	875	4	0	0	451654	0	1
17398	712	3	0	0	432834	954836	1
13288	736	5	1	0	17163	17164	0
17407	846	5	0	0	557830	606132	1
17791	442	6	0	0	88568	100230	0
17046	485	5	0	0	161110	285196	0
17141	535	5	0	0	137606	266670	0
14367	862	4	1	14366	33828	118357	0
17042	466	5	0	0	224408	328109	0
16974	435	5	0	0	116153	289835	0
16386	822	3	0	0	490334	715393	1
17054	354	5	0	0	160590	287952	0
16321	766	3	0	0	467017	740555	1
7588	485	5	1	0	17903	17903	0
15999	548	5	0	0	498929	567723	1
21889	880	5	1	0	28002	28004	0
16004	849	4	0	0	738351	792152	1
16338	376	5	0	0	136184	235794	0
15743	480	5	0	0	105380	214781	0
15724	470	5	0	0	152392	270742	0
15424	693	3	0	0	449392	710234	1
15691	487	5	0	0	146157	228264	0
12588	548	5	1	0	14400	14400	0
15135	778	5	0	0	479421	537613	1
15643	371	6	0	0	116584	261444	0
14783	761	3	0	0	408204	611554	1
14929	510	5	0	0	146877	256336	0
14688	660	3	0	0	425920	661369	1
10481	693	5	1	0	18072	18073	0
14502	745	5	0	0	499867	556876	1
15049	404	5	0	0	127024	241181	0
14461	493	5	0	0	110135	228378	0
14451	531	5	0	0	78395	140641	0
14298	512	5	0	0	102721	232307	0
11682	761	3	1	14376	26195	239989	1
14357	428	5	0	0	182051	218975	0
13785	534	5	0	0	135349	217043	0
21889	535	5	1	0	20615	20615	0
13444	771	4	0	0	692806	746793	1
13765	438	5	0	0	74450	99307	0
13554	387	5	0	0	76561	153335	0
13132	632	5	0	0	91162	188809	0
13809	378	5	0	0	120071	184308	0
13134	543	5	0	0	83770	158934	0
12755	768	4	0	0	359654	0	1
12769	800	3	0	0	339924	777955	1
7628	534	5	1	0	16805	16807	0
12531	753	5	0	0	431557	486447	1
12972	425	6	0	0	210737	210738	0
12322	581	5	0	0	416511	472646	1
12500	456	5	0	0	88485	171113	0
12442	427	5	0	0	101272	201510	0
9811	535	5	1	0	18026	18026	0
11719	742	5	0	0	420303	475763	1
11819	547	6	0	0	92454	168870	0
11844	515	5	0	0	133230	220334	0
11242	816	3	0	0	326866	565277	1
11262	791	4	0	0	304084	356308	1
11874	347	5	0	0	101116	156579	0
19156	778	5	1	0	15352	15353	0
2926	581	5	1	2926	321845	339493	1
11227	541	6	0	0	110081	186169	0
10662	644	4	0	0	359319	402671	1
11213	355	5	0	0	135495	187304	0
10337	615	3	0	0	307193	534442	1
10386	569	5	0	0	114958	188990	0
10409	386	5	0	0	115764	204601	0
9997	780	4	0	0	273647	323367	1
10445	490	5	0	0	64968	76822	0
8082	778	5	1	7994	27400	80709	0
9850	674	5	0	0	101006	170775	0
9825	553	5	0	0	119757	170313	0
9838	524	5	0	0	124625	191258	0
9314	719	4	0	0	257969	308953	1
9776	345	5	0	0	143726	211084	0
3976	615	5	1	0	9710	9711	0
8869	731	5	0	0	329557	384270	1
9120	560	6	0	0	122941	179200	0
9187	397	5	0	0	109529	179254	0
8575	865	5	0	0	68905	131339	0
8486	626	5	0	0	62761	133842	0
8531	603	5	0	0	110409	170289	0
1817	674	5	1	0	13483	13484	0
7979	723	5	0	0	268417	312305	1
21889	742	6	1	0	26521	26521	0
7638	567	4	0	0	552746	594803	1
7932	463	5	0	0	106758	165951	0
7413	700	3	0	0	226953	415473	1
7894	486	5	0	0	65325	107921	0
7243	637	5	0	0	105304	175169	0
7253	546	5	0	0	100094	149623	0
6896	789	3	0	0	203405	370226	1
7294	503	5	0	0	81243	94472	0
7197	350	5	0	0	119140	177518	0
2025	723	5	1	0	6136	6136	0
6356	866	5	0	0	258120	292147	1
6533	555	5	0	0	114698	152781	0
6446	357	5	0	0	121556	172799	0
5943	702	4	0	0	183276	219885	1
5985	728	5	0	0	120359	164049	0
5984	359	5	0	0	124799	168607	0
1629	700	5	1	0	7954	7955	0
5428	814	5	0	0	245190	281212	1
6000	346	6	0	0	117709	117710	0
5019	739	5	0	0	249504	282326	1
5235	519	6	0	0	108265	148874	0
5114	375	5	0	0	88578	114163	0
5127	368	5	0	0	69338	88992	0
21889	778	5	1	0	21730	21731	0
5	723	5	1	5	331153	332161	1
4577	572	6	0	0	118995	128515	0
4100	878	3	0	0	135429	295194	1
4390	342	5	0	0	108604	140149	0
3963	591	5	0	0	100361	130080	0
3877	377	5	0	0	95715	123499	0
3881	363	5	0	0	106119	134223	0
3301	683	5	0	0	101199	130136	0
3134	884	4	0	0	120057	147452	1
3279	392	5	0	0	94015	118793	0
3198	393	5	0	0	63525	79579	0
2103	778	5	1	0	8428	8429	0
2618	785	5	0	0	169126	192115	1
2683	396	6	0	0	87091	89956	0
2406	374	5	0	0	63314	77019	0
2045	573	5	0	0	96736	114475	0
1846	871	4	0	0	96071	0	1
1861	861	3	0	0	83916	208109	1
1971	398	5	0	0	80809	93348	0
1801	395	5	0	0	85633	99055	0
1285	878	5	1	0	6568	6569	0
1245	843	5	0	0	134995	147277	1
906	715	4	0	0	155560	164496	1
1167	401	5	0	0	78367	84554	0
706	405	5	0	0	85839	94430	0
490	788	4	0	0	77318	83075	1
705	407	5	0	0	81586	87118	0
629	408	5	0	0	78684	79924	0
197	420	5	0	0	243563	245200	0
