n_blocks	sec_no	n_free_secs	sec_type	n_blks_node	gc_sec_latency	gc_total_latency	gc_type
21889	888	20	1	21889	758137	770579	1
26402	869	20	1	0	24763	24765	0
20288	874	5	1	20288	66357	222384	1
20326	882	4	1	20327	55331	201361	1
21889	870	5	1	0	19891	19892	0
23715	563	5	0	0	675203	683878	1
20290	884	4	1	20290	49530	204504	1
21889	883	5	1	0	52544	52544	0
22479	665	5	0	0	633706	636960	1
22954	655	6	0	0	175716	193834	0
22771	666	5	0	0	308497	308498	0
19701	667	5	0	0	551768	556562	1
16518	673	5	0	0	497295	501364	1
13110	678	5	0	0	706644	713843	1
9717	676	5	0	0	526939	531461	1
6078	679	5	0	0	570778	578914	1
2869	674	5	0	0	311134	315227	1
