n_blocks	sec_no	n_free_secs	sec_type	n_blks_node	gc_sec_latency	gc_total_latency	gc_type
24664	618	4	0	0	652847	702239	0
24763	636	6	0	0	353797	353797	0
20482	672	6	1	20482	141542	277209	1
20499	658	4	1	20499	55325	224576	1
24476	493	5	0	0	411077	411077	0
20586	663	5	1	20771	257164	305797	1
20378	672	4	1	20379	61796	213622	1
24909	459	5	0	0	318125	318126	0
20329	663	5	1	20329	129193	280154	1
20318	672	4	1	20318	72586	225263	1
25159	406	5	0	0	317461	317461	0
20262	663	5	1	20262	107642	260359	1
20572	672	4	1	20572	63508	205928	1
24600	519	5	0	0	334092	334093	0
20471	663	5	1	20471	133308	272257	1
20478	672	4	1	20478	82133	232591	1
25088	495	5	0	0	323832	323834	0
20396	663	5	1	20568	264856	283686	1
20306	672	4	1	20306	53960	209185	1
25417	443	5	0	0	328625	328625	0
20579	663	5	1	20579	94876	250545	1
20490	672	4	1	20490	60103	209010	1
24687	542	5	0	0	328229	328229	0
20517	663	5	1	20517	127264	276669	1
20360	672	4	1	20360	57450	206479	1
24565	532	5	0	0	304565	304565	0
20482	663	5	1	20482	109317	250389	1
24712	421	5	0	0	83148	146025	0
24651	601	5	0	0	289531	289533	0
20293	672	5	1	20293	98602	236319	1
24667	600	5	0	0	315974	315974	0
20315	658	5	1	20384	104516	249590	1
20419	672	4	1	20419	59937	209909	1
24633	425	5	0	0	305447	305448	0
20371	653	5	1	20371	119188	260655	1
20594	672	4	1	20594	62909	206250	1
25395	482	5	0	0	305599	305600	0
20457	653	5	1	20457	97027	249658	1
20400	672	4	1	20400	67855	214211	1
24868	492	5	0	0	317872	317873	0
20492	653	5	1	20492	159917	359660	1
20599	672	4	1	20600	108921	393139	1
24412	462	5	0	0	371633	371634	0
20452	653	5	1	20452	159104	422629	1
20541	672	4	1	20541	102451	386923	1
24556	523	5	0	0	417678	417679	0
20467	653	5	1	20467	147174	388667	1
20517	672	4	1	20517	89638	358633	1
24465	433	5	0	0	400676	400677	0
20398	653	5	1	20398	159136	370001	1
20400	672	4	1	20400	67364	303784	1
24132	503	5	0	0	399333	399335	0
20384	653	5	1	20384	130314	309869	1
20444	672	4	1	20444	62411	257048	1
24864	434	5	0	0	410562	410563	0
20345	653	5	1	20371	122952	282296	1
