n_blocks	sec_no	n_free_secs	sec_type	n_blks_node	gc_sec_latency	gc_total_latency	gc_type
18642	664	4	1	18643	274782	422454	1
22162	640	5	0	0	369911	369912	0
20389	670	5	1	20389	93676	250951	1
20527	664	4	1	20527	57779	218100	1
20889	647	5	0	0	321667	321667	0
20420	670	5	1	20420	91373	241906	1
20459	664	4	1	20459	55119	211545	1
20774	648	5	0	0	291425	291426	0
20577	670	5	1	20577	109912	258314	1
20423	664	4	1	20423	53976	213758	1
23178	432	5	0	0	324628	324630	0
20290	663	5	1	20290	113684	258071	1
20468	664	4	1	20468	55755	212516	1
23408	639	5	0	0	298251	298252	0
20430	663	5	1	20430	102822	251285	1
20441	664	4	1	20441	58273	215869	1
23561	565	5	0	0	380308	380309	0
20537	663	5	1	20537	111465	263937	1
20531	664	4	1	20531	54520	213535	1
23558	644	5	0	0	332227	332227	0
20477	663	5	1	20573	137887	267644	1
20460	664	4	1	20460	55234	201809	1
23574	477	5	0	0	83830	121302	0
23312	646	5	0	0	317418	317419	0
20573	663	5	1	20573	104703	239691	1
20410	664	4	1	20411	57364	211351	1
23930	427	5	0	0	260356	260357	0
20420	663	5	1	20420	103348	244068	1
23597	643	6	0	0	303159	303160	0
20589	664	5	1	20589	92291	239541	1
20536	663	4	1	20536	69081	218968	1
24254	633	5	0	0	299794	299794	0
20538	664	5	1	20608	96662	258941	1
20254	663	4	1	20254	65315	202810	1
24145	463	5	0	0	329400	329401	0
20528	664	5	1	20665	169868	274615	1
20154	663	4	1	20154	65848	210667	1
21889	672	5	1	0	523202	523202	0
24227	456	5	0	0	610407	675624	1
20498	663	4	1	20498	89307	336167	1
24290	614	5	0	0	392115	392116	0
20479	672	5	1	20479	141563	405825	1
20589	663	4	1	20589	87988	373485	1
24297	466	5	0	0	409618	409619	0
20602	672	5	1	20602	133412	370327	1
23771	620	6	0	0	332519	332519	0
20386	663	5	1	20386	141973	374005	1
20597	672	4	1	20597	81167	349550	1
24446	641	5	0	0	413767	413767	0
20439	663	5	1	20439	154481	335079	1
20512	672	4	1	20513	77711	342532	1
24822	404	5	0	0	369781	369782	0
20418	663	5	1	20470	126659	292458	1
20513	672	4	1	20513	57571	279324	1
24754	488	5	0	0	393546	393547	0
