n_blocks	sec_no	n_free_secs	sec_type	n_blks_node	gc_sec_latency	gc_total_latency	gc_type
17350	672	4	1	17350	296021	411192	1
24199	505	5	0	0	794028	794029	0
20501	653	5	1	20612	199604	256008	1
20405	672	4	1	20405	63198	212865	1
24938	431	5	0	0	785477	785478	0
20410	653	5	1	20410	108151	275662	1
20431	672	4	1	20431	67129	215735	1
21889	664	5	1	0	701432	701433	0
24559	642	5	0	0	660855	709813	1
25382	355	6	0	0	293934	293935	0
20566	672	5	1	20566	125516	267316	1
20331	664	4	1	20331	65425	226451	1
25114	450	5	0	0	894565	894566	0
20446	672	5	1	20541	155133	291019	1
20467	664	4	1	20468	66516	214383	1
25311	448	5	0	0	289805	289807	0
20422	672	5	1	20422	106907	246324	1
20529	664	4	1	20529	53535	203457	1
25462	499	5	0	0	831719	831719	0
20484	672	5	1	20493	100189	248689	1
25449	528	5	0	0	282135	282135	0
20479	664	5	1	20479	135399	294588	1
20406	672	4	1	20406	61389	214816	1
24790	467	5	0	0	825045	825045	0
20383	664	5	1	20383	107299	248871	1
20527	672	4	1	20527	63536	216144	1
24459	436	5	0	0	713198	713199	0
20528	664	5	1	20528	121750	252247	1
20468	672	4	1	20468	54879	213199	1
24104	438	5	0	0	583427	583427	0
20479	664	5	1	20535	104499	258302	1
20393	672	4	1	20393	54085	198224	1
23507	461	5	0	0	522866	522867	0
20427	664	5	1	20578	132284	289377	1
20335	672	4	1	20335	54875	203349	1
23925	543	5	0	0	526901	526902	0
20371	664	5	1	20426	119272	268903	1
20478	672	4	1	20478	84407	238011	1
24470	473	5	0	0	672501	672501	0
20327	543	5	1	20327	144139	413039	1
20503	672	4	1	20504	84457	396693	1
25585	605	5	0	0	400949	400950	0
20527	543	5	1	20629	168532	436315	1
20352	672	4	1	20353	83564	328814	1
24749	634	5	0	0	384133	384134	0
20512	605	5	1	20512	151712	369796	1
24786	494	6	0	0	373871	373872	0
20311	672	5	1	20311	134441	359720	1
20540	634	4	1	20540	77166	330540	1
24766	437	5	0	0	734955	734956	0
20538	672	5	1	20538	138285	313916	1
20511	634	4	1	20511	75459	290522	1
24939	490	5	0	0	732112	732113	0
20484	672	5	1	20484	123997	303703	1
