n_blocks	sec_no	n_free_secs	sec_type	n_blks_node	gc_sec_latency	gc_total_latency	gc_type
15028	634	4	1	15028	390561	399307	1
23996	554	5	0	0	338691	338691	0
20592	672	5	1	20592	139815	292438	1
24306	606	6	0	0	989686	989687	0
20520	634	5	1	20520	132372	293704	1
20496	672	4	1	20496	67758	214404	1
23899	527	5	0	0	794322	794323	0
20484	634	5	1	20717	266953	295822	1
20194	672	4	1	20194	54687	227907	1
23717	608	5	0	0	1034081	1034082	0
20495	634	5	1	20495	97856	247362	1
20576	672	4	1	20576	61550	216644	1
24737	630	5	0	0	841916	841917	0
20501	634	5	1	20501	106792	251289	1
20571	672	4	1	20572	62550	227930	1
25575	585	5	0	0	271025	271025	0
20301	634	5	1	20301	119405	261320	1
20602	672	4	1	20603	54534	204881	1
25328	449	5	0	0	293966	293967	0
20564	634	5	1	20564	108792	253344	1
20511	672	4	1	20511	53461	210099	1
25586	637	5	0	0	795895	795895	0
20534	634	5	1	20534	116528	262759	1
20441	672	4	1	20441	93746	233931	1
25462	478	5	0	0	882814	882816	0
20540	637	5	1	20540	102842	242308	1
20469	672	4	1	20469	53753	203185	1
25139	420	5	0	0	816567	816568	0
20563	637	5	1	20563	107329	245115	1
24511	610	6	0	0	1070181	1070182	0
20423	672	5	1	20423	93827	237425	1
20418	637	4	1	20419	69341	213017	1
24114	405	5	0	0	274358	274359	0
20312	672	5	1	20312	106989	251542	1
20455	637	4	1	20455	53987	210251	1
23291	430	5	0	0	300958	300960	0
20472	672	5	1	20551	113238	258143	1
20479	637	4	1	20479	68711	231433	1
23861	487	5	0	0	383843	383845	0
20422	672	5	1	20454	138694	422839	1
20394	637	4	1	20395	79464	364045	1
24210	362	5	0	0	358717	358718	0
20496	672	5	1	20554	165650	410909	1
20469	637	4	1	20469	84238	353109	1
25005	445	5	0	0	408387	408388	0
20362	672	5	1	20426	160357	407523	1
20275	637	4	1	20275	86098	323957	1
24829	358	5	0	0	426045	426045	0
20530	672	5	1	20530	134119	344952	1
20560	637	4	1	20560	64045	287430	1
23646	635	5	0	0	404128	404130	0
20482	672	5	1	20520	132687	294850	1
20451	637	4	1	20452	69797	277009	1
24310	628	5	0	0	365258	365259	0
20360	672	5	1	20360	131473	283161	1
