n_blocks	sec_no	n_free_secs	sec_type	n_blks_node	gc_sec_latency	gc_total_latency	gc_type
18372	637	4	1	18373	468173	626690	1
25368	470	5	0	0	435373	435375	0
20386	672	5	1	20386	128938	272351	1
20387	637	4	1	20387	71944	229918	1
24746	491	5	0	0	421422	421424	0
20577	672	5	1	20577	106227	267691	1
20417	637	4	1	20418	75541	221897	1
24066	442	5	0	0	346966	346966	0
20478	672	5	1	20478	115867	262171	1
20597	637	4	1	20597	60633	224413	1
22893	500	5	0	0	370049	370050	0
20434	672	5	1	20434	131385	292916	1
20510	637	4	1	20510	74068	220354	1
22930	509	5	0	0	292433	292435	0
20365	672	5	1	20365	110839	250483	1
20550	637	4	1	20551	53405	207905	1
23496	551	5	0	0	265106	265107	0
20415	635	5	1	20415	99802	255286	1
20595	637	4	1	20595	56915	210753	1
24701	536	5	0	0	317589	317590	0
20376	635	5	1	20376	94003	244206	1
20349	637	4	1	20349	61176	209512	1
23862	367	5	0	0	299185	299186	0
20337	635	5	1	20337	113676	257403	1
20440	637	4	1	20441	67899	220478	1
24860	545	5	0	0	329976	329977	0
20558	635	5	1	20558	116819	262820	1
20358	637	4	1	20358	56500	206279	1
24564	556	5	0	0	312372	312373	0
20468	635	5	1	20622	146560	290267	1
20325	637	4	1	20325	60637	217868	1
24891	580	5	0	0	391740	391742	0
20331	556	5	1	20331	127496	280484	1
20606	637	4	1	20606	55962	214164	1
24597	415	5	0	0	335577	335578	0
20425	580	5	1	20425	129850	266933	1
24040	481	6	0	0	388109	388110	0
20586	637	5	1	20586	134340	354623	1
23796	468	6	0	0	404061	404061	0
20474	580	5	1	20474	153764	431387	1
20422	637	4	1	20422	86957	402665	1
24131	562	5	0	0	443901	443901	0
20535	580	5	1	20602	170392	447568	1
20363	637	4	1	20363	85806	425669	1
23941	599	5	0	0	433943	433945	0
20559	580	5	1	20559	155512	424538	1
21889	653	5	1	0	391299	391300	0
24006	632	5	0	0	696578	784017	1
20365	599	4	1	20365	82107	385572	1
24283	464	5	0	0	406134	406135	0
20601	632	5	1	20601	149268	365121	1
24445	609	6	0	0	385120	385122	0
20362	653	5	1	20362	139274	327694	1
20388	632	4	1	20388	76775	315201	1
