n_blocks	sec_no	n_free_secs	sec_type	n_blks_node	gc_sec_latency	gc_total_latency	gc_type
2772	680	4	0	0	354980	367704	1
21889	885	5	1	0	247058	247058	0
4499	677	6	0	0	262405	280316	1
5001	675	6	0	0	96131	96133	0
5294	671	5	0	0	175776	188695	1
6101	870	5	0	0	234289	242238	1
6557	0	5	0	0	220085	229553	1
6563	670	5	0	0	206974	227228	1
6894	672	5	0	0	194155	212505	1
7449	668	5	0	0	221168	242470	1
9625	669	5	0	0	280450	306792	1
10307	661	5	0	0	290494	322400	1
10382	663	5	0	0	348520	348521	0
11722	662	6	0	0	328912	361999	1
12319	654	5	0	0	324585	362908	1
13170	664	5	0	0	316531	353734	1
14562	660	5	0	0	350927	393733	1
15873	657	5	0	0	761737	827075	1
15553	659	5	0	0	428636	475211	1
16512	650	5	0	0	476837	551888	1
16634	652	5	0	0	443571	497675	1
16537	658	5	0	0	514418	594873	1
17483	656	5	0	0	506405	572350	1
21889	884	6	1	0	64668	64668	0
17306	651	6	0	0	549781	627968	1
18078	649	4	0	0	515607	579880	1
20058	653	5	0	0	335140	335141	0
20553	888	6	1	20553	117672	312621	1
20344	664	4	1	20345	65344	316904	1
20737	645	5	0	0	313564	313565	0
20394	670	5	1	20394	123447	284306	1
20342	664	4	1	20343	58346	222722	1
22287	534	5	0	0	339194	339194	0
20568	670	5	1	20568	108088	261614	1
