n_blocks	sec_no	n_free_secs	sec_type	n_blks_node	gc_sec_latency	gc_total_latency	gc_type
1036	600	174	1	0	1971616	1971617	0
509	0	17	0	0	270371	273765	1
1036	640	18	1	0	19358	19358	0
552	449	5	0	0	121823	125407	1
27419	637	6	1	0	501610	501610	0
960	503	4	0	0	414223	418280	1
21388	455	5	0	0	117011	254551	0
1036	673	5	1	0	14250	14250	0
9984	759	5	0	0	337597	375130	1
10304	447	5	0	0	97373	165094	0
9819	529	5	0	0	91550	126983	0
9817	465	5	0	0	111970	177378	0
9181	865	4	0	0	257875	296563	1
21938	656	5	1	0	27978	27978	0
9187	769	5	0	0	565418	604025	1
9213	742	6	0	0	58348	105572	0
7085	651	5	1	0	19589	19590	0
8504	822	5	0	0	406794	439928	1
8565	816	6	0	0	109603	157528	0
8485	609	5	0	0	93012	150331	0
8561	443	5	0	0	66870	127827	0
7895	487	5	0	0	92510	148423	0
7908	452	5	0	0	62180	70123	0
7231	657	5	0	0	91081	153414	0
7037	708	3	0	0	222145	367744	1
7211	453	5	0	0	60213	114663	0
6635	727	5	0	0	93130	131214	0
6375	851	4	0	0	191822	222134	1
21942	601	5	0	0	75485	127716	0
1899	822	5	1	0	9488	9490	0
5792	764	5	0	0	253726	283742	1
5935	506	5	0	0	94659	132226	0
5873	489	5	0	0	96747	142347	0
5948	444	5	0	0	101465	141525	0
5224	507	5	0	0	44362	70426	0
28453	673	5	1	0	27691	27692	0
4874	652	5	0	0	485740	518348	1
4094	708	4	1	4094	58471	85118	1
4413	512	5	0	0	74530	95642	0
4286	445	5	0	0	79759	106900	0
3957	500	5	0	0	81398	108153	0
3691	521	5	0	0	81858	109082	0
3860	458	5	0	0	61144	80985	0
3308	689	5	0	0	76797	100107	0
3014	522	5	0	0	36915	68534	0
3010	457	5	0	0	70955	82348	0
2619	508	5	0	0	80866	96909	0
2115	839	3	0	0	96881	214578	1
2613	492	5	0	0	75579	80324	0
1975	525	5	0	0	82908	99182	0
1879	517	5	0	0	79980	83579	0
1343	705	3	0	0	73115	180789	1
1366	685	5	0	0	83548	95548	0
1277	537	5	0	0	93260	106435	0
764	792	5	0	0	51950	60601	0
676	622	6	0	0	197983	205641	0
