n_blocks	sec_no	n_free_secs	sec_type	n_blks_node	gc_sec_latency	gc_total_latency	gc_type
13319	622	17	0	0	500494	503594	1
28455	888	18	1	0	523670	523671	0
10065	639	5	0	0	341759	344160	1
12500	872	6	1	0	12944	12945	0
9590	560	5	0	0	500769	506614	1
9746	537	6	0	0	96050	149024	0
9587	449	5	0	0	96319	137228	0
19317	873	5	1	0	17965	17966	0
8720	641	5	0	0	542062	544284	1
9176	492	6	0	0	161460	161461	0
8453	522	5	0	0	273896	275852	1
8509	500	6	0	0	87943	114915	0
8555	489	5	0	0	40234	85536	0
8135	444	5	0	0	72040	107735	0
7934	503	5	0	0	83114	108741	0
7899	507	5	0	0	159473	159474	0
7201	508	5	0	0	243533	245480	1
7279	499	6	0	0	117749	134671	0
6663	652	3	0	0	215159	335446	1
7082	443	5	0	0	94485	115173	0
6649	458	5	0	0	100409	121025	0
6652	465	5	0	0	123909	123910	0
5766	487	5	0	0	251291	253102	1
6015	452	6	0	0	91515	107386	0
5151	659	4	0	0	235133	236899	1
28453	883	5	1	0	67222	67222	0
4931	525	5	0	0	512377	514341	1
6241	873	6	1	0	10025	10025	0
4381	657	5	0	0	161427	163195	1
4599	601	6	0	0	116137	116137	0
3868	609	5	0	0	190760	192441	1
3962	600	5	0	0	65271	71219	0
3700	447	5	0	0	77519	83746	0
3728	453	5	0	0	56539	63076	0
3300	521	5	0	0	53978	60059	0
3327	506	5	0	0	64316	73577	0
3002	445	5	0	0	74682	85987	0
2647	517	5	0	0	80206	82855	0
2687	512	5	0	0	54118	56216	0
2035	457	5	0	0	59957	66658	0
2019	455	5	0	0	71907	75289	0
2043	456	5	0	0	73397	73398	0
1194	485	5	0	0	114647	116189	1
1373	459	6	0	0	36705	44087	0
759	637	5	0	0	63754	65358	0
28455	499	5	1	0	28149	28149	0
360	529	5	0	0	367389	372808	1
2	635	51	0	0	208596	209636	1
