n_blocks	sec_no	n_free_secs	sec_type	n_blks_node	gc_sec_latency	gc_total_latency	gc_type
1052	871	95	0	0	255450	262183	1
28454	818	96	1	0	338339	338339	0
1	753	9	1	1	182247	183226	1
9911	736	10	1	0	34559	34560	0
425	0	5	0	0	209464	214373	1
18544	737	6	1	0	30152	30153	0
629	444	5	0	0	324718	331561	1
862	458	6	0	0	47897	52848	0
10443	443	5	0	0	120209	166536	0
10417	446	5	0	0	81095	135476	0
9715	462	5	0	0	103847	142220	0
9481	518	5	0	0	113846	183484	0
9717	447	5	0	0	118146	189450	0
9007	596	4	0	0	33337	112095	0
9610	445	5	0	0	111692	164034	0
9200	455	5	0	0	48339	173501	0
8900	534	3	0	0	271513	364660	1
9129	451	5	0	0	83838	157772	0
8796	449	5	0	0	85903	158421	0
8393	459	5	0	0	108256	160606	0
8496	454	5	0	0	85539	106138	0
7865	453	5	0	0	87843	150000	0
7449	657	4	0	0	323028	0	1
7452	574	3	0	0	205729	571813	1
5897	518	5	1	0	8406	8406	0
7291	485	5	0	0	244303	278656	1
19739	734	6	1	0	12691	12691	0
6584	636	5	0	0	460422	496221	1
6639	488	6	0	0	103847	134633	0
6199	621	3	0	0	190778	357371	1
6639	450	5	0	0	90773	135516	0
6014	486	5	0	0	49352	99461	0
8716	736	5	1	0	6567	6568	0
5403	528	5	0	0	357931	388881	1
5995	448	6	0	0	46960	122335	0
4853	505	3	0	0	153271	238486	1
5059	456	5	0	0	88463	126215	0
4627	493	4	0	0	155749	185019	1
5107	452	5	0	0	80385	120815	0
4465	460	5	0	0	58773	86301	0
4343	457	5	0	0	91283	124408	0
3940	466	5	0	0	86008	108482	0
3901	467	5	0	0	114245	137885	0
3287	649	5	0	0	73793	95055	0
3115	471	5	0	0	74511	103343	0
2678	559	5	0	0	66544	86528	0
2472	617	4	0	0	130711	151053	1
2650	463	5	0	0	50358	71095	0
2681	464	5	0	0	50038	60010	0
1169	528	5	1	0	8705	8705	0
1666	742	5	0	0	139062	155577	1
19739	596	6	1	0	11322	11322	0
965	583	5	0	0	345666	355286	1
1207	465	6	0	0	56845	67286	0
560	538	3	0	0	58673	126465	1
651	468	5	0	0	78781	85267	0
656	461	5	0	0	186091	187668	0
1	483	128	0	0	228176	229161	1
