n_blocks	sec_no	n_free_secs	sec_type	n_blks_node	gc_sec_latency	gc_total_latency	gc_type
479	463	17	0	0	184166	187709	1
15346	840	18	1	0	220841	220841	0
590	443	5	0	0	117780	123810	1
13109	661	6	1	0	195923	195924	0
643	445	4	0	0	288301	295121	1
997	448	5	0	0	41434	48801	0
812	628	5	0	0	56199	62580	0
9047	462	5	0	0	36373	52137	0
15346	871	5	1	0	20121	20121	0
9690	786	5	0	0	525694	565661	1
10365	0	6	0	0	47725	73828	0
9706	454	5	0	0	74575	135886	0
9785	482	5	0	0	98783	158586	0
9590	447	5	0	0	144500	187496	0
9473	451	5	0	0	59311	141414	0
9178	446	5	0	0	80349	136691	0
55817	470	5	0	0	307016	922656	0
8453	465	3	0	0	372380	772313	1
13107	853	5	1	0	20758	20758	0
8335	675	5	0	0	476911	515872	1
8573	467	5	0	0	70048	172913	0
8090	489	3	0	0	243842	378061	1
8251	456	5	0	0	99194	153445	0
7847	490	5	0	0	85733	142092	0
7912	444	5	0	0	89491	155763	0
7268	540	5	0	0	103675	144377	0
15348	840	5	1	0	17192	17193	0
6884	633	4	0	0	435849	471798	1
7178	449	5	0	0	108149	156770	0
6567	458	5	0	0	61646	140583	0
6182	851	3	0	0	207143	323712	1
6635	453	5	0	0	110461	151857	0
6013	485	5	0	0	95772	137554	0
5877	460	5	0	0	92902	135387	0
5893	450	5	0	0	90441	123623	0
5097	564	4	0	0	203222	230139	1
13107	871	5	1	0	9757	9758	0
4787	511	5	0	0	379846	408661	1
5057	466	6	0	0	106650	146749	0
4482	459	5	0	0	80531	118931	0
4530	464	5	0	0	80980	108978	0
3921	575	5	0	0	62726	104402	0
3544	469	3	0	0	127433	0	1
3569	514	2	0	0	117572	362903	1
10612	853	5	1	0	14186	14186	0
3264	679	5	0	0	341577	364111	1
3317	516	6	0	0	59035	80556	0
3032	452	5	0	0	91751	114774	0
2622	471	5	0	0	93888	113799	0
2460	455	5	0	0	88467	107259	0
4736	540	5	1	0	8863	8864	0
1708	596	5	0	0	288184	308714	1
1364	518	4	0	0	109303	124027	1
1392	472	5	0	0	77834	89452	0
1253	474	5	0	0	81773	94274	0
1036	461	5	0	0	63718	69465	0
733	468	5	0	0	76602	83603	0
441	473	5	0	0	156473	159680	0
24	651	123	0	0	249814	251008	1
