n_blocks	sec_no	n_free_secs	sec_type	n_blks_node	gc_sec_latency	gc_total_latency	gc_type
569	637	18	0	0	241898	248260	1
28455	507	19	1	0	462928	462928	0
617	759	5	0	0	123762	132337	1
19163	512	6	0	0	288425	288426	0
1033	601	5	0	0	198326	210116	1
2879	465	6	0	0	56156	71080	0
28453	877	5	1	0	22679	22679	0
9672	443	5	0	0	620265	664923	1
7358	861	4	1	7358	83805	130531	1
9682	492	5	0	0	75252	91464	0
9834	444	5	0	0	82553	93605	0
9815	0	5	0	0	117724	179723	0
9183	455	4	0	0	258941	301000	1
9504	445	5	0	0	81578	131809	0
8956	448	5	0	0	68032	177746	0
8555	658	3	0	0	269994	409181	1
8572	551	5	0	0	96098	150119	0
8537	454	5	0	0	92003	111798	0
7878	536	5	0	0	96691	162071	0
7919	609	5	0	0	105882	162353	0
7729	452	4	0	0	200883	244649	0
7921	456	5	0	0	108364	142884	0
4281	861	3	1	7514	15060	191148	1
7280	450	5	0	0	107386	154628	0
7065	467	5	0	0	110227	156441	0
6874	458	5	0	0	52723	90793	0
6595	487	5	0	0	87090	130752	0
6486	461	5	0	0	82718	117228	0
5850	610	4	0	0	179660	209807	1
5962	494	5	0	0	90220	132409	0
4765	551	5	1	0	20716	20717	0
5234	520	5	0	0	205489	233388	1
5938	446	6	0	0	55797	73997	0
28455	759	5	1	0	21608	21608	0
4558	535	4	0	0	511599	0	1
4598	553	3	0	0	146244	697614	1
4602	476	5	0	0	102859	129801	0
4513	459	5	0	0	42983	62601	0
4257	447	5	0	0	88526	115270	0
3906	470	5	0	0	76237	99827	0
3765	462	5	0	0	80836	104086	0
3296	478	5	0	0	76709	99526	0
3311	460	5	0	0	47475	68899	0
3052	449	5	0	0	69206	82345	0
2667	451	5	0	0	58840	78384	0
2663	453	5	0	0	79919	99355	0
2596	457	5	0	0	50710	65952	0
1090	551	5	1	0	9552	9552	0
1615	473	5	0	0	131121	144243	1
1778	463	6	0	0	43754	55020	0
1152	466	5	0	0	66451	76855	0
1051	464	5	0	0	75626	81507	0
763	468	5	0	0	80119	88300	0
410	469	5	0	0	211270	215283	0
