n_blocks	sec_no	n_free_secs	sec_type	n_blks_node	gc_sec_latency	gc_total_latency	gc_type
1122	457	87	0	0	252549	263790	1
13107	485	88	1	0	168147	168147	0
688	675	9	0	0	231249	239709	1
15347	564	10	1	0	215741	215742	0
819	840	6	0	0	134864	144566	1
13108	583	7	1	0	36869	36870	0
1939	462	5	0	0	245760	260491	1
7276	482	4	0	0	255497	288795	1
9914	0	5	0	0	98467	171260	0
10240	443	5	0	0	69386	184455	0
9558	809	3	0	0	265497	375848	1
9631	444	5	0	0	104217	171978	0
9577	448	5	0	0	71088	78076	0
9515	447	5	0	0	95733	150728	0
9142	449	4	0	0	229937	273103	0
8955	451	5	0	0	47572	165800	0
6374	578	3	1	7908	12157	140831	1
9152	452	5	0	0	69062	102811	0
8479	453	5	0	0	103303	162183	0
8386	456	5	0	0	130786	194055	0
7897	679	5	0	0	115640	177797	0
7657	463	5	0	0	95332	163070	0
7255	458	5	0	0	62974	105731	0
7292	684	5	0	0	83892	132515	0
4926	809	5	1	0	14437	14437	0
6739	697	5	0	0	224313	252390	1
6839	466	5	0	0	109078	154502	0
6630	469	5	0	0	85687	149517	0
6478	459	5	0	0	95098	146532	0
5999	535	5	0	0	120972	159536	0
5824	465	5	0	0	98777	128801	0
5510	637	3	0	0	170215	324409	1
5851	445	5	0	0	96613	142358	0
2034	679	5	1	0	7280	7282	0
4906	818	5	0	0	192470	217818	1
4997	471	6	0	0	48113	70943	0
4516	470	5	0	0	44049	82403	0
4494	446	5	0	0	64948	121686	0
3828	884	3	0	0	138151	250991	1
3939	512	5	0	0	56412	84143	0
3700	474	4	0	0	21515	55804	0
28455	572	5	1	0	115414	115414	0
3328	740	5	0	0	479695	502428	1
3542	450	6	0	0	47573	64178	0
3039	454	6	0	0	71927	85819	0
2682	460	4	0	0	89113	113933	0
2638	464	5	0	0	57867	73037	0
2031	518	5	0	0	81619	98673	0
1834	467	5	0	0	74481	91619	0
1397	762	5	0	0	79127	91121	0
1396	472	5	0	0	59383	65267	0
1193	476	5	0	0	81001	84239	0
672	517	5	0	0	85818	95044	0
485	489	5	0	0	216658	222868	0
3	830	114	0	0	226273	227289	1
