n_blocks	sec_no	n_free_secs	sec_type	n_blks_node	gc_sec_latency	gc_total_latency	gc_type
624	877	18	0	0	216819	224160	1
28455	861	19	1	0	360107	360108	0
576	0	5	0	0	150253	156606	1
707	454	4	0	0	92473	100717	1
2098	689	5	0	0	65388	74821	0
10317	675	5	1	0	15808	15808	0
4519	494	5	0	0	315120	354024	1
10465	465	6	0	0	187130	187131	0
9720	786	5	0	0	331651	367985	1
9848	658	6	0	0	31756	46786	0
9401	443	5	0	0	66297	133542	0
9679	447	4	0	0	31240	181121	0
9387	864	3	0	0	309229	388877	1
9524	450	5	0	0	54603	128473	0
18136	839	5	1	0	21142	21143	0
8668	507	5	0	0	505296	545533	1
9061	445	6	0	0	76777	111332	0
8523	449	5	0	0	105149	148234	0
7948	766	4	0	0	224957	260157	1
8330	446	5	0	0	89932	154855	0
7829	868	3	0	0	253308	412483	1
7900	537	5	0	0	95782	164084	0
7855	455	5	0	0	70846	98682	0
7264	536	5	0	0	89116	148958	0
10319	661	5	1	0	21546	21546	0
6607	715	5	0	0	395776	433709	1
7039	451	5	0	0	98299	123188	0
6634	448	5	0	0	106187	149908	0
6643	456	5	0	0	111167	131502	0
5894	854	3	0	0	195900	370562	1
5926	693	5	0	0	96422	134570	0
5962	458	5	0	0	101026	140795	0
18136	658	5	1	0	8614	8614	0
5074	848	4	0	0	439652	467480	1
5160	487	5	0	0	108499	142139	0
5165	444	5	0	0	91031	129435	0
4586	840	5	0	0	95562	130169	0
4448	525	5	0	0	71311	102748	0
4438	452	5	0	0	64833	92913	0
10319	839	5	1	0	15175	15175	0
3434	852	4	0	0	337991	360717	1
3916	457	5	0	0	59518	78063	0
3322	692	5	0	0	77650	100707	0
3207	460	5	0	0	57422	78739	0
3131	461	5	0	0	82617	105449	0
3236	453	5	0	0	95398	102879	0
2655	459	5	0	0	81806	103091	0
15346	661	5	1	0	15359	15360	0
1889	878	5	0	0	329952	346983	1
2019	462	5	0	0	101605	119356	0
1819	467	5	0	0	46423	58044	0
1359	707	5	0	0	60946	73945	0
1390	476	5	0	0	85384	98855	0
832	470	5	0	0	60216	68643	0
697	553	5	0	0	62611	69146	0
13109	693	5	1	0	11858	11858	0
1	714	6	0	0	393026	394568	1
