15135	880	56	1	15261	114872	100500	215372	1
15379	879	48	1	15379	130879	90379	221258	1
28327	888	49	1	28327	80064	143450	228988	0
65393	438	50	0	0	1014713	0	1014715	0
51155	482	50	0	0	1218751	7232	1225984	1
51085	543	45	0	0	1179495	10010	6651971	1
51531	442	50	0	0	373815	0	604116	0
48523	880	47	1	48523	344860	132242	850920	1
51807	663	49	0	0	303626	0	592367	0
51086	625	46	0	0	1173197	8728	3952717	1
50962	716	46	0	0	1161610	7199	5205027	1
51148	503	50	0	0	293006	102870	395878	0
50706	489	46	0	0	1167136	7662	4639755	1
51196	527	50	0	0	335794	102644	438440	0
47748	881	47	1	47748	234378	135596	1937900	1
51139	601	49	0	0	287407	0	580757	0
50507	565	48	0	0	1279716	5480	1572604	1
51132	609	50	0	0	327901	0	1120450	0
50524	558	45	0	0	1152238	10926	5117360	1
51147	693	50	0	0	244333	114557	358891	0
51116	698	50	0	0	200527	104450	304979	0
50218	758	48	0	0	1161891	5649	2370144	1
50786	463	50	0	0	318003	0	614272	0
46464	882	48	1	46465	339488	135512	793005	1
50655	566	50	0	0	232359	113303	345663	0
50603	567	50	0	0	294180	0	618461	0
50031	572	48	0	0	1272159	12315	1578654	1
50756	575	50	0	0	335889	0	613275	0
50074	669	45	0	0	1148015	12882	5089092	1
50563	676	50	0	0	365772	0	625957	0
49888	492	46	0	0	1133218	14263	3892325	1
48721	883	49	1	48721	375898	102062	477960	1
50103	494	50	0	0	372420	0	617967	0
49834	552	46	0	0	1131986	7864	3930500	1
49896	479	50	0	0	282093	0	612157	0
45996	884	48	1	45997	340561	130768	753422	1
49978	480	50	0	0	396288	0	602987	0
49635	534	47	0	0	1124175	9357	2764474	1
49912	674	50	0	0	278115	114783	392898	0
49908	686	50	0	0	313217	0	960681	0
45506	758	48	1	45507	322742	141104	777063	1
49897	471	50	0	0	181928	63103	245032	0
49783	472	50	0	0	299891	112420	412312	0
49187	539	46	0	0	1128925	7649	4602379	1
49798	587	50	0	0	264574	126614	391188	0
49877	590	50	0	0	245535	108153	353690	0
49882	591	50	0	0	320310	0	596749	0
49177	697	48	0	0	1299443	4764	1624519	1
49648	441	50	0	0	305281	0	544127	0
47320	717	48	1	47321	327887	147107	780276	1
49487	443	50	0	0	258108	122722	380831	0
49377	444	50	0	0	387389	0	597526	0
48776	753	48	0	0	1275207	4365	1666961	1
49279	477	50	0	0	360033	0	733798	0
48803	490	46	0	0	1111820	7612	3825258	1
49467	600	50	0	0	267716	126536	394252	0
49070	702	50	0	0	420804	0	666162	0
47609	758	47	1	47609	349501	135276	905581	1
48655	614	48	0	0	1113541	8095	2254909	1
49046	703	50	0	0	291726	117824	409550	0
49113	704	50	0	0	345721	0	627894	0
48553	548	47	0	0	1121419	6062	2735570	1
49117	571	50	0	0	280052	116429	396482	0
48966	574	50	0	0	132846	124798	257645	0
48830	576	50	0	0	364077	0	611416	0
41266	753	48	1	41266	298539	143592	806209	1
48255	759	49	0	0	1157787	3703	1161491	1
48679	458	50	0	0	309477	0	593466	0
48235	507	46	0	0	1088566	11199	3752041	1
48593	621	50	0	0	331345	0	604060	0
42642	758	48	1	42642	318207	134976	784530	1
48004	486	47	0	0	1094457	9389	3370232	1
48316	493	50	0	0	227307	119564	346871	0
48294	495	50	0	0	407087	0	576618	0
47829	545	47	0	0	1085203	6213	2713166	1
48254	445	50	0	0	306443	0	571349	0
46015	759	47	1	46015	351754	134643	792842	1
47823	739	48	0	0	1135018	4689	2190703	1
48182	447	50	0	0	316793	123080	439873	0
48242	448	50	0	0	372696	0	600358	0
47556	499	47	0	0	1084151	6407	2676368	1
48173	573	50	0	0	332186	0	604907	0
45752	758	47	1	45752	332550	143848	808587	1
47535	718	47	0	0	1086017	6319	3254739	1
47852	736	50	0	0	214240	137433	351674	0
47904	737	50	0	0	416992	0	587143	0
47265	500	48	0	0	1200498	4808	1622299	1
47483	563	50	0	0	342850	0	714845	0
45662	759	47	1	45662	335835	137819	816506	1
47281	506	47	0	0	1081078	6724	3213308	1
47648	719	50	0	0	241548	124483	366032	0
47121	721	50	0	0	417731	0	566307	0
46999	453	47	0	0	1068530	7418	2690291	1
47139	553	50	0	0	289295	0	548393	0
44885	758	47	1	44885	350744	128879	768919	1
46985	597	48	0	0	1094173	4650	2131268	1
47422	711	50	0	0	227111	128981	356093	0
47454	714	50	0	0	208880	101680	310560	0
46640	491	48	0	0	1050394	5463	2180520	1
47043	533	50	0	0	210999	138517	349516	0
47217	536	50	0	0	171252	59092	230344	0
47174	537	50	0	0	306519	0	573864	0
46619	540	45	0	0	1067091	12598	4750693	1
46727	462	50	0	0	180948	126532	307480	0
46810	464	50	0	0	290898	0	532156	0
35543	759	48	1	35608	272283	130671	693852	1
46744	528	50	0	0	345936	121333	467269	0
64139	482	50	0	0	375561	0	982803	0
46078	758	48	1	46078	353076	130300	858937	1
46531	517	50	0	0	203913	136933	340847	0
46444	518	50	0	0	363936	0	572624	0
46246	690	47	0	0	1050595	5926	2591489	1
46385	454	50	0	0	198966	0	519563	0
46048	748	47	0	0	1058171	8295	2426902	1
46419	460	50	0	0	289580	0	649845	0
43091	759	48	1	43156	306217	147109	742907	1
46282	542	50	0	0	304467	0	650982	0
45911	679	48	0	0	1200387	5511	1510365	1
60208	438	50	0	0	352441	132632	485074	0
46544	701	50	0	0	184009	128491	312501	0
46405	705	50	0	0	210468	73675	284143	0
45934	706	50	0	0	278649	0	872209	0
45698	465	45	0	0	1067774	11866	4584196	1
45925	523	50	0	0	191521	127813	319335	0
45943	586	50	0	0	249341	0	864146	0
39690	690	48	1	39726	262276	145860	657477	1
45935	645	50	0	0	530943	0	530945	0
45426	680	50	0	0	1083272	8710	1091984	1
45922	730	50	0	0	241535	51895	293430	0
45882	734	50	0	0	271614	126365	397979	0
45560	525	50	0	0	239441	123974	363416	0
45657	526	50	0	0	261989	0	586398	0
45260	498	47	0	0	1009894	7669	2468328	1
45399	481	50	0	0	256551	0	523668	0
42044	701	48	1	42044	320524	133218	710294	1
45305	504	50	0	0	305866	0	581596	0
45029	457	48	0	0	1170241	4444	1480552	1
45290	505	50	0	0	170944	129168	300113	0
45299	530	50	0	0	67687	63495	131183	0
45264	550	50	0	0	563034	0	563036	0
44937	598	47	0	0	1028628	6051	3154845	1
45144	466	50	0	0	276943	0	529200	0
36813	705	48	1	36813	268183	139115	684241	1
45033	467	50	0	0	124671	91607	216279	0
45013	469	50	0	0	49558	6765	56323	0
45085	473	50	0	0	537160	0	537161	0
44595	538	50	0	0	1105743	4414	1110157	1
44969	577	50	0	0	309816	0	513236	0
44542	668	45	0	0	1020033	8539	4522971	1
44626	476	50	0	0	161117	120997	282114	0
42287	706	50	1	0	60380	0	60380	0
44322	497	50	0	0	1443658	4118	1447777	1
44663	579	50	0	0	356135	120148	476283	0
44387	474	50	0	0	306707	0	542910	0
43604	730	48	1	43604	483884	26432	817025	1
44054	635	48	0	0	1005240	3879	2105869	1
44053	677	50	0	0	324579	0	553675	0
43986	509	47	0	0	992227	5980	2441220	1
44029	511	50	0	0	267397	0	538497	0
43929	544	47	0	0	990197	5857	2405716	1
40709	734	49	1	40709	502495	15227	517722	1
44029	709	50	0	0	320625	121873	442498	0
43990	520	50	0	0	298058	0	608867	0
43705	756	48	0	0	1124214	4695	1426969	1
43982	519	50	0	0	242844	118858	361702	0
43944	546	50	0	0	102799	67160	169959	0
43976	559	50	0	0	534043	0	534045	0
43517	630	50	0	0	1050091	3581	1053673	1
43527	624	48	0	0	1012861	7988	2049625	1
43770	475	50	0	0	269149	0	640819	0
35928	730	48	1	35928	262789	137874	669813	1
43807	483	50	0	0	94935	69209	164144	0
43766	485	50	0	0	295721	118529	414250	0
43588	633	50	0	0	314904	0	558017	0
40387	734	47	1	40387	293478	138376	746759	1
43200	725	48	0	0	997041	7478	1935168	1
43537	556	50	0	0	269069	126389	395459	0
43324	561	50	0	0	220640	43826	264467	0
43386	562	50	0	0	296491	121128	417619	0
43259	728	50	0	0	181252	125766	307019	0
43239	743	50	0	0	87686	56894	144580	0
43220	750	50	0	0	267393	118027	385421	0
42974	746	47	0	0	975216	5768	2924501	1
43172	564	50	0	0	177615	127392	305010	0
43059	570	50	0	0	72350	0	524170	0
38025	756	48	1	38042	516359	60562	649272	1
43042	640	50	0	0	269365	120896	390261	0
42911	514	50	0	0	142353	125459	267812	0
42831	532	50	0	0	56941	31831	88773	0
42886	578	50	0	0	545785	0	545785	0
42440	594	50	0	0	1039978	4074	1044053	1
42448	605	48	0	0	963122	9616	1974962	1
42758	616	50	0	0	293153	0	541391	0
36066	743	48	1	36132	258306	137210	688669	1
43231	766	50	0	0	126805	63829	190634	0
42469	581	50	0	0	272294	115308	387602	0
42567	584	50	0	0	203490	125513	329003	0
42548	585	50	0	0	292773	0	507811	0
42144	671	45	0	0	974321	11564	4315376	1
42512	722	50	0	0	98511	111913	210425	0
42372	589	50	0	0	269130	0	492455	0
35987	746	48	1	35987	266336	125770	661237	1
42186	588	50	0	0	486759	0	486760	0
41856	700	50	0	0	1012933	4525	1017459	1
42220	715	50	0	0	369114	0	477233	0
41693	744	46	0	0	954548	7648	3372205	1
41973	592	50	0	0	177481	120991	298473	0
41928	599	50	0	0	65538	36774	102312	0
41980	603	50	0	0	458623	0	458624	0
40212	750	50	1	40212	443048	37682	480731	1
41933	612	51	0	0	196278	0	527157	0
41421	606	47	0	0	929901	5723	2190018	1
63200	736	50	0	0	420270	0	868510	0
41387	638	47	0	0	935080	6813	2432604	1
41536	593	50	0	0	324622	0	454082	0
31534	755	48	1	31534	206159	145812	676593	1
41425	604	50	0	0	83163	47229	130393	0
41601	610	50	0	0	293481	0	530712	0
41158	735	46	0	0	950665	7522	3241038	1
42698	771	50	0	0	130508	155295	285803	0
43256	774	50	0	0	123666	0	521002	0
39587	756	48	1	39653	227965	142889	494521	1
41272	615	50	0	0	471216	0	471216	0
40830	682	50	0	0	968116	3529	971645	1
41256	699	50	0	0	234705	0	594428	0
40836	657	48	0	0	1057579	4583	1296867	1
44220	784	50	0	0	292540	0	476720	0
40841	708	47	0	0	916029	58305	2329527	1
41065	613	50	0	0	263195	0	482628	0
37670	766	48	1	37670	258575	139872	661642	1
40940	617	50	0	0	478143	0	478144	0
40493	727	50	0	0	1011406	2467	1013874	1
41029	732	50	0	0	191413	47278	238691	0
40880	733	50	0	0	218899	107094	325993	0
40565	622	50	0	0	270172	0	519764	0
40406	752	47	0	0	920120	8338	2233597	1
40646	644	50	0	0	126589	102541	229130	0
40557	648	50	0	0	540884	0	540884	0
35225	771	50	1	35225	163484	139065	302549	1
40536	652	51	0	0	467739	0	467741	0
40104	683	50	0	0	981263	5957	987220	1
40448	760	50	0	0	235857	111342	347200	0
40295	627	50	0	0	261401	0	464395	0
40119	710	47	0	0	896854	11029	2199179	1
39857	636	48	0	0	899653	5242	1851637	1
40252	707	50	0	0	252958	0	493653	0
31156	774	48	1	31221	516900	7405	777264	1
58235	446	50	0	0	306118	0	760877	0
39604	623	48	0	0	1018671	4775	1329564	1
39912	659	50	0	0	212805	111808	324614	0
40024	660	50	0	0	266609	0	466037	0
39625	642	46	0	0	888725	10004	3107294	1
41873	779	50	0	0	215743	180244	395988	0
39879	618	50	0	0	107882	66905	174787	0
38423	771	50	1	0	54275	0	54276	0
39371	665	50	0	0	1288831	6239	1295070	1
39471	673	51	0	0	337396	0	618502	0
38126	774	48	1	38126	277103	129369	743868	1
39167	692	48	0	0	905147	4947	1865499	1
39312	629	50	0	0	246870	0	513872	0
39170	729	48	0	0	1023067	4602	1274540	1
39312	634	50	0	0	216373	0	513325	0
39179	724	47	0	0	879451	11688	2118074	1
38933	685	48	0	0	893540	4007	1821949	1
39194	741	50	0	0	197318	113916	311234	0
39266	749	50	0	0	37799	11927	49726	0
39218	751	50	0	0	268377	111929	380307	0
39287	764	50	0	0	144705	116963	261668	0
28344	779	50	1	0	44012	0	44014	0
38736	661	50	0	0	1166330	3319	1169649	1
39048	695	51	0	0	491160	0	491161	0
38691	726	48	0	0	869018	4725	1806686	1
38771	662	50	0	0	260799	0	488186	0
37470	774	48	1	37470	251675	143415	655889	1
55151	720	50	0	0	299861	0	707573	0
38512	666	48	0	0	993601	5026	1298488	1
38653	639	50	0	0	246262	0	454892	0
38499	763	48	0	0	998717	68122	1313103	1
32289	779	49	1	32289	157104	143620	300724	1
38315	641	50	0	0	243279	0	491669	0
38272	654	47	0	0	871483	9839	2109819	1
38425	646	50	0	0	125757	0	496423	0
38294	696	48	0	0	909194	6286	1041238	1
54781	445	50	0	0	268889	117784	386674	0
38167	649	50	0	0	218892	0	496226	0
38075	651	48	0	0	969855	4440	1193188	1
38359	723	50	0	0	161335	99838	261173	0
38306	757	50	0	0	50950	8737	59688	0
38447	761	50	0	0	217351	131075	348427	0
30043	774	50	1	0	27016	0	27016	0
37942	653	50	0	0	1166102	3374	1169477	1
38152	762	50	0	0	176971	0	440289	0
38196	765	48	0	0	936859	97252	1211082	1
38701	767	48	0	0	888780	127868	1909952	1
32972	779	50	1	0	28406	0	28408	0
38759	769	50	0	0	1177111	69444	1246555	1
40280	780	49	0	0	203065	175720	378787	0
48177	845	50	0	0	344177	121797	465975	0
38941	770	50	0	0	240075	133154	373231	0
39205	773	50	0	0	269846	0	486132	0
35379	774	48	1	39332	265098	142855	677800	1
40755	786	50	0	0	241129	160893	402022	0
39335	776	50	0	0	155441	137002	292443	0
41462	792	50	0	0	203831	0	542797	0
38680	779	48	1	40947	311268	130971	646071	1
39384	777	50	0	0	108650	85653	194303	0
39603	778	47	0	0	910102	120212	2851841	1
40148	783	50	0	0	130544	121916	252460	0
39834	781	50	0	0	171238	0	481222	0
34167	780	48	1	36116	258374	137433	567046	1
39991	782	49	0	0	906661	65437	972099	1
40676	787	50	0	0	161564	126933	288497	0
47438	837	50	0	0	282049	0	651779	0
34319	786	48	1	39092	301258	132735	716043	1
40183	785	50	0	0	180310	130679	310989	0
40685	791	47	0	0	911837	131685	2920783	1
41053	794	50	0	0	180635	158086	338721	0
41573	797	50	0	0	186706	0	457318	0
30807	792	48	1	34597	255967	138570	581245	1
39723	837	49	1	39723	167598	144180	311778	1
41147	795	50	0	0	134949	96191	231141	0
47360	847	50	0	0	329199	130818	460017	0
47228	841	50	0	0	113591	150204	263795	0
40416	790	48	0	0	917138	68894	2017320	1
41217	796	50	0	0	162600	0	494160	0
38609	845	48	1	40123	589583	4519	756703	1
41552	799	50	0	0	107296	83220	190517	0
41480	800	50	0	0	271646	179597	451244	0
41403	801	47	0	0	931572	96557	2824337	1
41629	802	50	0	0	277647	159068	436715	0
42066	803	50	0	0	202742	0	526993	0
28358	847	48	1	34836	257214	134817	594773	1
41533	804	50	0	0	269788	176217	446005	0
42190	806	50	0	0	309473	164719	474192	0
42567	809	50	0	0	224624	0	529677	0
36289	849	48	1	43912	326102	138713	689440	1
42127	807	50	0	0	214898	170215	385114	0
44082	820	50	0	0	312822	176505	489327	0
42512	810	50	0	0	260864	0	513707	0
39224	847	48	1	45167	345715	129259	735838	1
42014	805	50	0	0	273875	126917	400792	0
42218	808	50	0	0	221501	178034	399535	0
42977	813	50	0	0	314985	0	499010	0
39366	849	48	1	45963	346755	126983	788723	1
42627	811	50	0	0	175394	0	532984	0
42351	812	48	0	0	1054636	105374	1335405	1
43077	814	50	0	0	226941	0	472959	0
34639	847	48	1	42606	296945	153091	676977	1
43095	817	50	0	0	146923	0	613101	0
42629	815	48	0	0	1091595	86521	1325040	1
41324	849	48	1	46800	214518	147528	1288397	1
42931	818	50	0	0	250706	0	500780	0
42728	816	48	0	0	1079721	102382	1432810	1
41747	847	49	1	41747	197489	130090	327579	1
44148	826	50	0	0	234453	171015	405468	0
43327	821	50	0	0	142741	0	557712	0
43267	819	47	0	0	971747	113443	2290120	1
38987	849	48	1	46291	219691	139305	1301994	1
59645	690	50	0	0	241548	0	750063	0
43592	825	48	0	0	1104053	71871	1417472	1
43410	847	49	1	43410	199419	140402	339822	1
44409	709	50	0	0	289489	180390	469879	0
44096	828	50	0	0	158467	151267	309735	0
44743	831	49	0	0	222356	0	497803	0
43782	827	48	0	0	1131553	130073	1483983	1
32914	849	48	1	32985	112431	144660	1510734	1
44132	829	50	0	0	238661	0	519007	0
44278	830	47	0	0	1006317	150106	2533958	1
38403	847	49	1	38403	167533	134462	301995	1
44351	832	50	0	0	188440	174284	362725	0
44939	624	50	0	0	309021	0	495206	0
44592	834	48	0	0	1123655	114497	1547175	1
38240	849	49	1	38240	167373	133332	300705	1
44929	835	50	0	0	323788	158985	482774	0
44854	836	50	0	0	104546	134769	239315	0
44906	840	50	0	0	84489	0	550405	0
44557	839	48	0	0	1041359	4513	1130362	1
45206	843	50	0	0	236012	0	560433	0
44873	844	47	0	0	1012154	9506	2409000	1
44894	842	50	0	0	152073	130943	283016	0
45042	846	50	0	0	291619	0	507014	0
41673	847	48	1	41731	463068	32254	786942	1
45126	848	50	0	0	532416	0	532416	0
44635	853	50	0	0	1085642	7735	1093378	1
45215	578	50	0	0	137201	142889	280091	0
45106	858	50	0	0	341561	0	483015	0
44845	851	45	0	0	1028520	55235	4574245	1
45209	856	50	0	0	254702	163912	418614	0
45138	859	50	0	0	255142	0	616644	0
37019	849	48	1	37069	280286	134189	669619	1
45104	865	50	0	0	149536	0	546922	0
44726	860	46	0	0	993643	7422	3252535	1
44877	863	50	0	0	253180	119975	373155	0
48485	714	50	0	0	228679	109647	338326	0
46488	548	50	0	0	322043	0	578235	0
35135	853	48	1	35222	247583	147755	717382	1
44970	880	50	0	0	524179	0	524180	0
44525	866	50	0	0	1171555	60994	1232549	1
45576	472	50	0	0	206272	0	562597	0
44512	885	48	0	0	1051304	4859	1262436	1
65490	0	50	0	0	418511	133400	551911	0
58190	497	50	0	0	391089	0	919568	0
43116	854	48	1	43118	316102	135139	842330	1
44632	861	50	0	0	195478	113482	308961	0
44618	879	50	0	0	245438	0	509139	0
44355	864	48	0	0	1138334	6907	1390679	1
44937	439	50	0	0	211074	127418	338492	0
44914	442	50	0	0	186539	35288	221828	0
44403	869	50	0	0	229601	128139	357741	0
44540	871	50	0	0	255421	0	575619	0
44230	867	47	0	0	1011435	6119	2380808	1
44386	862	50	0	0	201852	134548	336401	0
44538	876	50	0	0	90372	55862	146235	0
44623	872	50	0	0	291885	186935	478820	0
44331	888	50	0	0	253882	126264	380149	0
32666	855	50	1	0	52674	0	52675	0
44096	878	50	0	0	1275762	3625	1279388	1
45560	547	50	0	0	312559	0	508039	0
43797	856	48	1	43797	322291	142007	776859	1
44521	450	50	0	0	343128	119026	462156	0
43853	873	48	0	0	1019063	60392	2037163	1
43652	857	49	1	43651	200814	137163	338428	0
43988	883	50	0	0	328619	126234	454854	0
43945	877	50	0	0	197448	0	643351	0
43981	875	47	0	0	1001391	101187	2422206	1
39969	858	49	1	39969	172103	140979	313502	0
44233	452	50	0	0	112552	127469	240022	0
43665	874	50	0	0	267237	0	543253	0
43944	881	48	0	0	1130226	138955	1536419	1
40769	859	49	1	40769	172016	147327	319343	1
44543	471	50	0	0	148765	128178	276943	0
44303	470	50	0	0	163924	0	561464	0
43876	456	48	0	0	1123548	4458	1291932	1
45213	549	50	0	0	150011	128062	278073	0
49302	513	50	0	0	341955	0	729237	0
43623	860	47	1	43623	328510	132022	802487	1
43945	461	49	0	0	1010662	55752	1066414	1
43979	884	50	0	0	269817	181642	451460	0
57583	628	50	0	0	259742	0	934589	0
44132	479	47	0	0	999352	5934	2386960	1
40903	861	49	1	40903	325519	64374	389893	1
44254	480	50	0	0	244786	124338	369124	0
44285	463	50	0	0	113850	97044	210894	0
44646	539	50	0	0	272348	123595	395944	0
44346	489	50	0	0	223748	177937	401686	0
45647	620	49	0	0	229193	0	495715	0
43934	503	47	0	0	1020601	71228	2424107	1
44189	496	50	0	0	182465	132756	315222	0
44079	516	50	0	0	200709	0	500208	0
35031	862	48	1	35055	318861	42873	562443	1
44097	522	50	0	0	662384	0	662385	0
43828	524	50	0	0	1058606	6989	1065596	1
44154	515	50	0	0	217532	78297	295830	0
46622	758	50	0	0	321694	0	619001	0
43983	543	46	0	0	996925	8166	3442745	1
44007	508	50	0	0	269185	117075	386260	0
44339	552	50	0	0	217555	82829	300384	0
44179	565	50	0	0	95674	0	756242	0
39750	867	48	1	39750	238840	134306	468822	1
44328	566	50	0	0	533551	0	533551	0
43768	531	50	0	0	1053769	96447	1150216	1
43843	557	48	0	0	1021929	89422	2143684	1
44054	534	50	0	0	223570	125292	348870	0
44474	558	50	0	0	274311	0	570986	0
31120	877	48	1	35955	249239	141031	664583	1
44404	595	50	0	0	544444	0	544444	0
43779	574	50	0	0	1058899	3981	1062881	1
44002	583	50	0	0	191345	85365	276711	0
43847	567	50	0	0	85717	29062	114779	0
43715	541	47	0	0	992841	142408	3191757	1
45323	697	50	0	0	262771	124251	387022	0
46446	438	50	0	0	164448	155046	319495	0
30878	888	50	1	0	43484	0	43486	0
43605	571	50	0	0	1386419	4403	1390822	1
43929	591	50	0	0	223431	120789	344220	0
43893	576	50	0	0	179480	127081	306561	0
45270	737	50	0	0	295627	0	553581	0
43011	877	48	1	43011	328775	131283	755685	1
44882	711	50	0	0	545007	0	545009	0
43358	572	50	0	0	1088102	69671	1157773	1
58642	788	50	0	0	180502	0	827070	0
43654	590	47	0	0	1008873	90985	2381110	1
43977	621	50	0	0	204891	124771	329663	0
44238	625	50	0	0	244254	0	473064	0
32840	888	48	1	32841	252805	127111	624171	1
43825	596	50	0	0	702068	0	702068	0
43355	601	50	0	0	1063928	7120	1071050	1
44585	703	50	0	0	126020	99599	225620	0
47385	523	50	0	0	313610	0	567004	0
43312	587	48	0	0	1141052	5697	1460360	1
43365	632	47	0	0	986683	74661	3087791	1
43661	600	50	0	0	195886	183769	379657	0
43926	669	50	0	0	77178	37640	114820	0
43858	663	50	0	0	284401	188649	473051	0
43624	609	50	0	0	259508	184786	444295	0
43540	614	50	0	0	139989	0	510709	0
28893	877	48	1	28944	182654	150123	472768	1
36621	888	49	1	36621	137209	149977	287187	1
43840	702	50	0	0	290796	127299	418095	0
60561	780	50	0	0	402433	154584	557018	0
43252	631	50	0	0	203493	195227	398721	0
41897	867	49	1	41896	198163	126969	325490	0
43121	667	50	0	0	152728	0	499948	0
43206	676	48	0	0	1110028	4379	1267136	1
43380	674	50	0	0	200809	125648	326458	0
43526	686	50	0	0	244572	0	526014	0
43195	694	48	0	0	1101255	76100	1421929	1
43482	687	47	0	0	1021288	7079	3030417	1
43465	716	50	0	0	303570	0	667817	0
38243	877	48	1	38302	289683	126292	719547	1
43479	693	50	0	0	138275	110693	248968	0
43933	444	50	0	0	116488	102486	218974	0
43689	698	50	0	0	302444	0	477524	0
43300	718	47	0	0	980709	6048	2415446	1
43421	712	50	0	0	323559	0	747397	0
36761	888	48	1	36853	262532	146432	732523	1
44725	460	50	0	0	230708	83175	313883	0
44251	443	50	0	0	49796	9076	58872	0
44171	451	50	0	0	517442	0	517444	0
43271	713	50	0	0	1053655	101477	1155132	1
43611	739	48	0	0	1009145	161036	2169010	1
44152	454	50	0	0	204223	101013	305237	0
44508	464	50	0	0	280243	0	517175	0
28536	877	48	1	28629	206526	149048	635819	1
43779	447	50	0	0	580328	0	580329	0
43299	753	50	0	0	1059363	9895	1069259	1
43398	721	48	0	0	985012	131901	2189585	1
44412	468	50	0	0	239108	99370	338478	0
29726	888	50	1	0	27267	0	27267	0
43373	449	50	0	0	1299584	3347	1302932	1
43795	448	50	0	0	134662	0	493786	0
43442	748	46	0	0	1005543	146169	3290212	1
31043	877	50	1	0	45365	0	45367	0
43320	759	50	0	0	1265000	58892	1323892	1
53091	647	50	0	0	298685	0	697776	0
43550	455	48	0	0	1140883	4725	1444295	1
43649	458	50	0	0	274904	0	535371	0
42176	888	48	1	42177	318580	129168	722653	1
43581	459	50	0	0	183806	0	622710	0
43428	482	48	0	0	1097063	4388	1285258	1
43795	462	50	0	0	299731	175051	474782	0
43537	484	48	0	0	986254	6218	2003986	1
43687	465	50	0	0	238888	119103	357991	0
43689	477	50	0	0	239182	0	550972	0
42528	877	48	1	42530	326547	128645	694375	1
43638	478	50	0	0	548971	0	548973	0
43418	481	50	0	0	1066197	80073	1146270	1
41926	888	49	1	41925	197821	126765	325246	0
43827	487	50	0	0	174286	0	529838	0
43342	491	47	0	0	987066	51237	2294177	1
43407	493	50	0	0	279140	0	543995	0
43548	670	47	0	0	979315	127842	2480116	1
43662	495	50	0	0	115354	100145	215499	0
43626	498	50	0	0	259357	0	520274	0
33184	877	48	1	33279	239501	137937	636797	1
43389	499	50	0	0	223312	0	519576	0
43585	506	47	0	0	990717	31509	2345907	1
41959	888	50	1	0	35690	0	35691	0
43425	501	50	0	0	1317772	3057	1320830	1
43575	500	50	0	0	157250	150142	307393	0
43511	502	50	0	0	219573	0	536662	0
43467	507	48	0	0	1089662	75902	1385138	1
36889	877	49	1	36889	155046	139169	294215	1
43497	512	50	0	0	285521	0	559302	0
43516	518	47	0	0	990758	100624	2507219	1
43679	530	47	0	0	985195	7122	2985490	1
44407	544	50	0	0	185573	114595	300168	0
44591	546	50	0	0	108997	0	569698	0
36770	888	48	1	36795	222305	140067	471369	1
44772	569	50	0	0	524295	0	524296	0
43432	612	50	0	0	1038832	34774	1073607	1
43889	542	50	0	0	144695	75312	220016	0
44383	568	50	0	0	266752	117694	384446	0
56933	826	50	0	0	349204	112485	461689	0
43495	731	47	0	0	985522	162771	3171037	1
28649	877	50	1	0	29087	0	29088	0
43404	536	50	0	0	1341698	6976	1348674	1
57156	823	50	0	0	194996	0	758307	0
43246	540	48	0	0	1088072	4476	1287545	1
43354	551	47	0	0	975866	155082	3151203	1
44768	598	50	0	0	257897	131331	389228	0
44853	607	50	0	0	177523	97945	275468	0
29767	681	50	1	0	15606	0	15607	0
43282	537	50	0	0	1318767	80903	1399670	1
44257	573	50	0	0	224216	132204	356420	0
43349	553	50	0	0	98351	105247	203598	0
44590	597	50	0	0	100399	8155	108554	0
34881	731	50	1	0	21218	0	21218	0
43153	538	50	0	0	1319124	3873	1322997	1
43607	545	51	0	0	178990	105287	284277	0
43277	736	48	0	0	991852	89684	2002552	1
37397	823	50	1	0	33019	0	33019	0
43134	696	50	0	0	1311483	57110	1368593	1
43242	672	50	0	0	321529	0	502387	0
43153	678	48	0	0	1080428	129343	1531302	1
30898	826	49	1	30898	154704	130894	285598	1
43184	554	50	0	0	216879	206186	423066	0
43216	560	48	0	0	996864	80605	1988948	1
57383	496	50	0	0	353359	178928	532288	0
31440	877	50	1	0	34865	0	34866	0
43061	577	50	0	0	1349065	3458	1352524	1
58221	549	50	0	0	135583	0	825604	0
42931	563	48	0	0	1095613	56201	1287398	1
47216	511	49	0	0	252066	0	510640	0
42999	657	47	0	0	976574	117725	2443130	1
43588	562	50	0	0	264620	185837	450458	0
43402	734	50	0	0	252695	141885	394581	0
43237	579	50	0	0	186494	0	472049	0
28704	826	48	1	28739	146823	128918	462235	1
45074	805	50	0	0	221106	124429	345536	0
43129	555	50	0	0	233863	0	550354	0
40277	877	48	1	40277	292754	131382	657999	1
43055	559	50	0	0	202209	28199	230408	0
42879	561	50	0	0	269019	192359	461379	0
42832	723	47	0	0	979068	146715	3036405	1
30992	826	50	1	0	26453	0	26454	0
42817	659	50	0	0	1274698	63592	1338290	1
43162	570	50	0	0	245164	0	527159	0
42845	580	48	0	0	1095939	86435	1427538	1
37031	877	50	1	0	30453	0	30453	0
42768	586	50	0	0	1302515	4704	1307221	1
42960	619	50	0	0	332662	0	529070	0
43132	710	46	0	0	981818	124315	3489462	1
33928	826	50	1	0	29041	0	29042	0
42950	645	50	0	0	1346831	6363	1353194	1
43193	594	50	0	0	177703	0	532364	0
42923	635	47	0	0	962537	51125	2263571	1
40016	877	50	1	39957	180433	136966	320053	0
43138	605	50	0	0	209059	0	510162	0
42926	630	47	0	0	974127	81113	2349092	1
43084	767	47	0	0	989027	96400	3060610	1
36830	826	50	1	0	31642	0	31643	0
42816	685	50	0	0	1365699	70394	1436094	1
43745	677	50	0	0	62589	19562	82151	0
44660	746	50	0	0	563273	0	563274	0
