n_blocks	sec_no	n_free_secs	sec_type	n_blks_node	gc_sec_latency	gc_total_latency	gc_type
272	517	18	0	0	291085	293418	1
13995	620	19	1	0	215781	215782	0
311	0	5	0	0	145361	147474	1
320	869	4	0	0	113293	115455	1
10083	441	5	1	0	181600	181600	0
336	519	5	0	0	281166	283563	1
569	391	6	0	0	78386	78386	0
398	535	5	0	0	121084	123597	1
445	616	6	0	0	80810	81884	0
657	464	5	0	0	58978	64387	0
397	514	4	0	0	99072	101558	1
453	480	5	0	0	69657	72625	0
527	539	5	0	0	75741	78080	0
516	619	5	0	0	65621	68115	0
490	554	5	0	0	66971	72638	0
505	614	5	0	0	73735	76186	0
469	520	5	0	0	69532	71239	0
616	497	5	0	0	51850	53942	0
416	593	5	0	0	73222	79053	0
525	590	5	0	0	42238	44235	0
542	493	4	0	0	115063	118079	1
810	562	5	0	0	76948	81830	0
596	553	5	0	0	68069	69504	0
8862	417	5	1	0	30699	30699	0
2	616	5	1	2	213930	214885	1
1143	628	6	0	0	87484	90941	0
5133	442	5	1	0	29356	29357	0
2132	388	5	0	0	157640	165720	1
45421	418	6	0	0	188786	684752	0
10081	605	3	1	18476	149731	465621	1
38554	390	5	0	0	179089	360211	0
14628	619	5	1	0	17051	17051	0
20117	400	5	0	0	729169	806790	1
21135	814	4	0	0	503129	561218	1
21446	377	5	0	0	125115	306545	0
20927	835	3	0	0	533752	725721	1
20971	492	5	0	0	122696	208913	0
20966	386	5	0	0	137183	300200	0
20684	761	3	0	0	552353	756620	1
20907	395	5	0	0	53457	66086	0
24080	628	5	1	0	25680	25681	0
19433	619	5	1	19433	365655	481446	1
20210	476	6	0	0	135331	311406	0
20095	726	3	0	0	562572	769305	1
20317	472	5	0	0	104324	293766	0
19613	701	3	0	0	492027	0	1
19639	822	2	0	0	474343	1138253	1
19697	567	5	0	0	116904	246683	0
19697	597	5	0	0	138705	258602	0
19646	482	5	0	0	78833	223058	0
19667	611	5	0	0	133248	204768	0
19606	382	5	0	0	152507	262334	0
19245	737	3	0	0	542918	766472	1
13876	726	4	1	13876	31747	112948	1
24078	761	5	1	0	16767	16768	0
18880	779	5	0	0	781501	836961	1
19063	545	6	0	0	149263	285494	0
18583	838	3	0	0	514946	760212	1
18612	688	4	0	0	510741	553280	1
18965	383	5	0	0	101558	288006	0
18232	843	3	0	0	456254	631673	1
18409	624	5	0	0	114607	244295	0
18375	396	5	0	0	122259	223200	0
16590	726	4	1	16589	38495	137344	0
18283	392	5	0	0	138518	260371	0
17621	867	3	0	0	503721	747507	1
24078	611	5	1	0	29674	29674	0
17634	785	4	0	0	768862	821859	1
17744	463	5	0	0	106536	286671	0
17414	710	3	0	0	477813	654773	1
17767	398	5	0	0	157874	271457	0
17549	385	5	0	0	159717	268801	0
17590	379	5	0	0	138507	265894	0
16729	809	3	0	0	465690	703647	1
7951	867	4	1	7951	17997	68897	1
17064	416	5	0	0	137511	244772	0
17102	434	5	0	0	121111	280116	0
16329	798	3	0	0	437500	641079	1
24078	843	5	1	0	22711	22711	0
16262	705	4	0	0	756611	812408	1
16309	585	5	0	0	127088	242253	0
12967	785	5	1	0	18207	18207	0
15699	769	5	0	0	639942	691622	1
16376	381	5	0	0	123072	227186	0
15688	569	5	0	0	133132	228849	0
15579	594	5	0	0	116148	217974	0
15734	576	5	0	0	196247	242362	0
15627	389	5	0	0	111148	204156	0
15676	393	5	0	0	127728	223491	0
15020	599	5	0	0	134749	235052	0
14856	825	4	0	0	388405	0	1
14870	862	3	0	0	371773	817522	1
12718	843	5	1	0	13928	13929	0
14603	694	5	0	0	492408	535348	1
24078	798	6	1	0	24053	24053	0
14358	756	4	0	0	710212	767316	1
14407	600	5	0	0	106520	228762	0
14022	827	3	0	0	377994	548396	1
14297	404	5	0	0	116248	209560	0
13758	695	5	0	0	130296	230131	0
13768	876	5	0	0	64839	220873	0
13427	777	3	0	0	358942	482596	1
13577	440	5	0	0	122433	214018	0
8177	694	4	1	8177	68393	115195	1
13811	414	5	0	0	134201	204039	0
13102	684	5	0	0	138409	221697	0
24078	594	5	1	0	13820	13820	0
12717	739	4	0	0	689981	0	1
12777	728	3	0	0	332067	1088129	1
49425	417	5	0	0	548316	703930	0
12459	698	3	0	0	406932	1073315	1
12528	550	5	0	0	128190	210201	0
12498	488	5	0	0	138680	209230	0
12073	758	3	0	0	346794	569245	1
12338	486	5	0	0	109726	232418	0
11670	777	3	1	16465	24936	274343	1
11862	849	5	0	0	126571	203881	0
11828	523	5	0	0	116381	173133	0
18585	695	5	1	0	23476	23476	0
11340	881	5	0	0	630775	684654	1
9330	739	4	1	9330	101752	155815	1
11195	547	5	0	0	80907	114947	0
11226	558	5	0	0	113968	191552	0
10735	645	3	0	0	324462	532606	1
10760	808	4	0	0	289806	338789	1
11156	380	5	0	0	118419	191298	0
10487	729	5	0	0	116789	187310	0
10483	601	5	0	0	120160	179326	0
10294	496	5	0	0	132418	187670	0
9795	812	3	0	0	301057	525030	1
9872	796	4	0	0	268766	313753	1
10365	387	5	0	0	129925	198816	0
2471	695	5	1	0	10187	10188	0
9401	753	5	0	0	330606	375129	1
24078	550	6	1	0	20838	20839	0
8984	712	4	0	0	586099	627014	1
9126	508	5	0	0	120670	179593	0
9167	527	5	0	0	104058	169470	0
9192	394	5	0	0	230734	302344	0
9213	397	5	0	0	119152	179825	0
8482	544	5	0	0	121505	186190	0
8155	772	4	0	0	235215	277200	1
8431	578	5	0	0	89815	145235	0
3483	753	5	1	0	17114	17114	0
7726	848	5	0	0	279033	321951	1
7871	612	6	0	0	124618	164306	0
24078	739	5	1	0	22512	22513	0
7427	784	4	0	0	463938	504027	1
7792	448	5	0	0	115333	170853	0
7177	648	5	0	0	107674	157533	0
7289	573	5	0	0	108815	159189	0
7195	579	5	0	0	69666	77969	0
6609	682	5	0	0	93751	147974	0
6451	693	3	0	0	211908	373940	1
6588	592	5	0	0	73008	101213	0
6464	581	5	0	0	96177	136596	0
6547	580	5	0	0	45385	64756	0
5995	748	5	0	0	101949	143261	0
14584	712	5	1	0	18924	18925	0
5549	833	4	0	0	443936	475906	1
6011	376	5	0	0	90451	115951	0
5575	375	5	0	0	102926	141646	0
5230	615	5	0	0	106784	132915	0
5149	443	5	0	0	101698	131768	0
9494	772	5	1	0	12316	12316	0
4532	883	5	0	0	373959	407523	1
4595	707	5	0	0	96536	314741	0
4269	875	3	0	0	142469	293595	1
4478	378	5	0	0	107107	138944	0
4398	384	5	0	0	108641	139180	0
3933	713	5	0	0	70315	95631	0
14584	648	5	1	0	15629	15630	0
3429	824	4	0	0	376562	401289	1
3865	399	5	0	0	88879	113716	0
3301	721	5	0	0	99558	126168	0
3326	422	5	0	0	106549	131129	0
3178	428	5	0	0	108577	130019	0
9494	682	5	1	0	10481	10481	0
2379	882	5	0	0	315689	334805	1
2592	445	6	0	0	93250	115464	0
2476	450	5	0	0	64111	80558	0
38782	594	5	0	0	194926	330580	0
1949	494	5	0	0	77730	96514	0
1944	465	5	0	0	81636	99347	0
14583	772	5	1	0	18492	18492	0
1348	823	5	0	0	342061	353734	1
1403	571	6	0	0	81567	94187	0
1384	469	5	0	0	45174	56977	0
1268	506	5	0	0	62774	66006	0
761	574	5	0	0	75012	85723	0
746	552	5	0	0	74400	81305	0
9492	875	5	1	0	12148	12149	0
54	703	5	0	0	275513	277028	1
170	509	6	0	0	26579	26581	0
