n_blocks	sec_no	n_free_secs	sec_type	n_blks_node	gc_sec_latency	gc_total_latency	gc_type
24078	888	20	1	24078	806013	812090	1
24282	539	20	0	0	336479	336480	0
3435	870	5	1	3435	109560	126176	1
20643	869	6	1	0	19795	19795	0
20708	554	4	0	0	847057	850267	1
20954	508	5	0	0	141820	267209	0
20415	573	3	0	0	573198	720761	1
25241	636	5	0	0	339864	339865	0
20426	569	5	0	0	527333	529339	1
20925	514	5	0	0	121880	206961	0
20933	517	5	0	0	288826	288827	0
19921	578	5	0	0	533828	538062	1
23081	616	6	0	0	176809	313455	0
19585	581	3	0	0	564111	745404	1
24078	876	5	1	0	23663	23664	0
19621	576	4	0	0	816715	819566	1
19684	558	5	0	0	137057	293652	0
16967	885	3	1	16967	75049	349240	1
19656	486	5	0	0	129466	210149	0
19040	571	5	0	0	114936	188966	0
19068	567	5	0	0	89769	115274	0
18993	509	5	0	0	90708	252706	0
18766	560	3	0	0	541430	635687	1
19033	519	5	0	0	119343	193104	0
18240	585	5	0	0	122961	284840	0
18447	584	3	0	0	534150	661114	1
18979	520	5	0	0	287335	287336	0
18053	580	5	0	0	528657	532798	1
18611	590	5	0	0	270992	270992	0
18023	593	5	0	0	501703	503709	1
19424	393	6	0	0	156173	236676	0
24078	616	5	1	0	21916	21917	0
17587	592	4	0	0	799758	0	1
17600	589	3	0	0	432102	1235388	1
17785	464	5	0	0	144005	209921	0
17133	594	5	0	0	130866	231991	0
17136	595	3	0	0	482659	616929	1
17633	476	5	0	0	241912	241913	0
16920	506	5	0	0	505050	507774	1
20080	581	6	1	0	24225	24226	0
16519	598	4	0	0	723801	0	1
16592	583	3	0	0	419763	1147091	1
17746	392	5	0	0	260917	260918	0
16400	480	5	0	0	456924	459758	1
17055	493	6	0	0	276259	276260	0
16055	588	5	0	0	460533	466511	1
16607	597	6	0	0	119754	169528	0
24078	590	5	1	0	23761	23761	0
15486	600	5	0	0	735390	739049	1
15686	535	6	0	0	138615	239465	0
15518	602	3	0	0	453044	595508	1
15725	414	5	0	0	142330	202297	0
15729	428	5	0	0	107316	165706	0
15084	599	5	0	0	146564	238236	0
14680	553	3	0	0	427715	577655	1
15073	482	5	0	0	112493	169463	0
14450	608	5	0	0	108473	161586	0
24078	509	5	1	0	21379	21380	0
14059	607	4	0	0	715326	717947	1
14461	523	5	0	0	138358	230470	0
14072	611	3	0	0	411380	552360	1
14427	416	5	0	0	136681	190136	0
13797	551	5	0	0	123814	173331	0
13782	556	5	0	0	138589	186509	0
18212	590	5	1	0	18179	18179	0
13018	613	4	0	0	634780	0	1
13156	614	3	0	0	344166	982125	1
13171	610	5	0	0	117287	168245	0
13157	465	5	0	0	132848	182115	0
13133	472	5	0	0	121136	176756	0
13153	379	5	0	0	132048	213552	0
12349	547	3	0	0	374843	510212	1
23218	599	5	1	0	17988	17988	0
12204	619	4	0	0	650549	652892	1
12507	522	5	0	0	133501	177153	0
12442	391	5	0	0	128790	175645	0
11891	544	5	0	0	138544	203264	0
11634	621	3	0	0	346590	488491	1
11825	422	5	0	0	134036	175869	0
11785	434	5	0	0	88115	125500	0
24078	607	5	1	0	28593	28594	0
10974	497	4	0	0	623618	625788	1
11163	440	5	0	0	123316	190776	0
10665	612	3	0	0	323413	449710	1
11246	445	5	0	0	122545	164517	0
11060	376	5	0	0	119788	165231	0
10450	545	5	0	0	89406	129294	0
18548	547	5	1	0	19321	19322	0
9974	496	4	0	0	549620	551783	1
10443	380	5	0	0	111259	150522	0
9819	552	5	0	0	74008	187103	0
9463	624	3	0	0	302819	380377	1
9767	399	5	0	0	106617	141868	0
9779	396	5	0	0	104623	151686	0
9146	615	5	0	0	115300	143461	0
24078	621	5	1	0	18615	18616	0
8704	562	4	0	0	583772	589389	1
9164	404	5	0	0	103203	167487	0
8506	640	3	0	0	268795	374863	1
8568	628	5	0	0	115022	139846	0
8548	443	5	0	0	102867	130194	0
8558	448	5	0	0	104521	131879	0
8332	377	5	0	0	111992	139296	0
7911	463	5	0	0	109704	132386	0
23562	545	5	1	0	19296	19296	0
7346	469	4	0	0	555412	557419	1
7730	378	5	0	0	115244	149928	0
7116	579	3	0	0	228021	345971	1
7295	488	5	0	0	104624	124060	0
7179	382	5	0	0	110888	132011	0
7137	381	5	0	0	105266	131078	0
6642	574	5	0	0	110772	127551	0
10750	615	5	1	0	15160	15160	0
6044	559	4	0	0	428582	430485	1
6652	384	5	0	0	73884	102773	0
6008	586	5	0	0	105685	119008	0
5983	388	5	0	0	106884	124494	0
5928	389	5	0	0	34049	43936	0
5206	648	5	0	0	92106	103027	0
5793	375	5	0	0	120052	136185	0
19731	621	5	1	0	16400	16400	0
4727	645	4	0	0	452776	454574	1
5220	450	5	0	0	91663	111383	0
4901	383	5	0	0	85645	108105	0
4536	492	5	0	0	96111	103044	0
4532	494	5	0	0	94796	103093	0
4386	385	5	0	0	86618	103074	0
3931	515	5	0	0	84346	91478	0
20891	574	5	1	0	20607	20607	0
3314	527	4	0	0	438584	443772	1
3756	386	5	0	0	95418	103553	0
3285	550	5	0	0	91100	95609	0
3167	387	5	0	0	91403	95694	0
3185	390	5	0	0	64419	72123	0
2648	620	5	0	0	90306	92533	0
13669	586	5	1	0	17096	17098	0
2080	603	4	0	0	359538	0	1
2087	601	3	0	0	85812	447673	1
2582	394	5	0	0	254464	254464	0
1877	398	5	0	0	133164	134770	1
1976	397	6	0	0	87641	96639	0
1953	395	5	0	0	91315	91315	0
1256	441	5	0	0	138837	140619	1
1354	400	6	0	0	98302	99960	0
20853	515	5	1	0	17476	17478	0
587	468	4	0	0	371929	373578	1
751	418	5	0	0	81228	84599	0
757	420	5	0	0	86895	88408	0
762	421	5	0	0	80251	80251	0
19	499	5	0	0	98941	100060	1
215	401	6	0	0	26129	26129	0
