n_blocks	sec_no	n_free_secs	sec_type	n_blks_node	gc_sec_latency	gc_total_latency	gc_type
307	400	18	0	0	301332	309358	1
10136	795	19	1	0	129545	129546	0
318	434	5	0	0	145951	150233	1
13942	439	6	1	0	206118	206119	0
316	433	5	0	0	335179	341080	1
345	377	6	0	0	63852	65459	0
486	441	5	0	0	68544	71250	0
405	585	5	0	0	50583	56002	0
385	385	4	0	0	110647	115351	1
446	403	5	0	0	71972	74481	0
433	472	5	0	0	64496	68220	0
534	397	5	0	0	47032	52546	0
548	505	5	0	0	71736	77634	0
471	512	5	0	0	80046	87932	0
535	523	5	0	0	52615	59107	0
546	560	5	0	0	66792	72920	0
485	594	5	0	0	78181	64341	0
450	788	3	0	0	51570	138530	1
596	628	5	0	0	68947	73761	0
494	685	5	0	0	69820	74382	0
613	815	5	0	0	83154	91303	0
764	781	5	0	0	76162	84348	0
687	689	5	0	0	69405	73428	0
494	827	5	0	0	63019	68488	0
874	409	6	0	0	82937	89915	0
880	542	5	0	0	59137	63045	0
835	563	4	0	0	97642	106479	1
882	699	5	1	0	24645	24645	0
1045	696	5	0	0	134363	145386	1
9254	717	6	1	0	27917	27917	0
3	523	5	1	3	135743	136762	1
13939	636	6	1	0	28947	28947	0
1425	395	5	0	0	318630	333741	1
19680	437	6	0	0	117230	292503	0
19574	869	3	0	0	536610	735659	1
20246	506	5	0	0	90217	125449	0
20295	382	5	0	0	102773	236220	0
20157	602	5	0	0	145169	249698	0
19714	812	5	0	0	140049	297727	0
20224	842	3	0	0	513803	724013	1
20912	406	5	0	0	166721	307317	0
17701	717	3	1	17702	82338	388984	1
20331	412	5	0	0	175859	296660	0
20125	416	5	0	0	110796	239733	0
20099	586	5	0	0	76312	106299	0
20091	422	5	0	0	135341	295100	0
19966	571	3	0	0	523626	728826	1
15091	812	4	1	15091	35415	127243	1
20137	427	5	0	0	127681	179286	0
19701	750	5	0	0	120005	267978	0
19674	576	3	0	0	531100	722592	1
19688	548	5	0	0	153052	277237	0
24075	815	5	1	0	19048	19048	0
19390	842	5	1	19390	270919	387977	1
19248	431	4	0	0	552738	0	1
19344	705	3	0	0	454406	1126306	1
19346	776	4	0	0	476132	536333	1
19457	378	5	0	0	69932	279189	0
18984	601	3	0	0	498443	642605	1
19039	473	5	0	0	123901	252753	0
18968	443	5	0	0	167258	289913	0
18996	376	5	0	0	156068	268081	0
18312	815	4	1	18311	40572	146299	0
19028	389	5	0	0	232625	343027	0
18415	465	5	0	0	131347	264755	0
18387	567	5	0	0	135529	227184	0
18316	421	5	0	0	105530	198167	0
18371	398	5	0	0	125238	252846	0
7488	473	4	1	7488	33379	82995	1
18138	407	5	0	0	157663	278003	0
17841	791	3	0	0	504017	750759	1
18261	381	5	0	0	142876	264194	0
17715	420	5	0	0	134290	254803	0
17330	664	4	0	0	438853	0	1
17397	573	3	0	0	433598	935670	1
12172	567	5	1	0	19237	19237	0
17135	609	5	0	0	547732	598197	1
24078	750	6	1	0	29806	29807	0
16881	777	4	0	0	771363	816999	1
17139	394	5	0	0	183828	260095	0
17146	391	5	0	0	229007	273399	0
16974	384	5	0	0	137222	227966	0
16363	578	5	0	0	163606	254633	0
16305	637	3	0	0	463578	735488	1
16745	386	5	0	0	98717	248341	0
15942	631	3	0	0	429717	599998	1
10667	567	5	1	0	16636	16636	0
15882	529	5	0	0	505725	556710	1
16265	399	5	0	0	52501	69685	0
15702	600	5	0	0	104126	158625	0
15680	402	5	0	0	112462	253860	0
15334	635	3	0	0	448741	626098	1
15615	411	5	0	0	119490	230909	0
11573	578	4	1	11573	95087	169697	1
15586	396	5	0	0	119573	230940	0
14855	414	5	0	0	86156	251479	0
14731	784	3	0	0	431834	579569	1
15067	419	5	0	0	132676	229830	0
24078	791	5	1	0	36975	36977	0
14166	552	4	0	0	701355	753125	1
14284	483	5	0	0	94647	187743	0
12495	635	5	1	0	18341	18342	0
13935	661	5	0	0	559313	599616	1
14407	401	5	0	0	94356	209149	0
13749	484	5	0	0	82955	182446	0
13730	489	5	0	0	84115	185530	0
17814	722	5	0	0	216684	299589	0
13401	867	3	0	0	400125	703956	1
13748	404	5	0	0	118340	177420	0
13136	538	5	0	0	114105	186634	0
13042	438	5	0	0	129026	210780	0
7010	791	4	1	7010	75074	115602	1
12791	418	5	0	0	78518	167858	0
12762	426	5	0	0	124015	190877	0
12481	533	5	0	0	120413	208197	0
12419	544	5	0	0	98980	147991	0
12470	428	5	0	0	117938	229915	0
11862	655	3	0	0	360907	561830	1
6469	867	4	1	6469	37556	75134	1
12543	387	5	0	0	136350	208612	0
11822	456	5	0	0	133766	200496	0
11810	429	5	0	0	125454	202000	0
11740	393	5	0	0	157952	208467	0
11047	693	3	0	0	324876	0	1
11056	626	2	0	0	299775	881310	1
24078	784	5	1	0	20551	20552	0
4670	791	5	1	4670	358372	388998	1
11169	450	6	0	0	124020	197935	0
10380	577	3	0	0	283265	458345	1
10436	587	5	0	0	132933	194944	0
10493	616	5	0	0	119516	170460	0
10114	558	3	0	0	294348	492100	1
10431	436	5	0	0	112699	185904	0
10404	0	5	0	0	105093	139714	0
10247	380	5	0	0	127066	176042	0
9492	739	3	0	0	302272	511218	1
9078	626	5	1	0	11041	11042	0
9367	652	5	0	0	384569	428822	1
9833	392	5	0	0	129823	195586	0
9127	482	5	0	0	127791	193517	0
9149	423	5	0	0	104025	165563	0
8786	667	3	0	0	253245	420295	1
9211	390	5	0	0	94466	159725	0
3164	616	5	1	0	16527	16527	0
8298	623	5	0	0	261905	307118	1
8374	445	6	0	0	83634	129594	0
8489	405	5	0	0	77562	115206	0
7898	561	5	0	0	119779	165390	0
7729	464	4	0	0	223169	261883	1
7892	442	5	0	0	115831	182634	0
24078	867	5	1	0	18814	18814	0
973	482	5	1	973	335657	342551	1
7188	642	6	0	0	104112	131585	0
6855	501	3	0	0	205691	367664	1
7123	451	5	0	0	92415	155936	0
7045	379	5	0	0	104144	152554	0
6393	823	3	0	0	207050	379175	1
6634	470	5	0	0	102437	135729	0
6436	452	5	0	0	112232	158280	0
6476	375	5	0	0	114496	144435	0
5790	622	3	0	0	187570	363900	1
5972	458	5	0	0	109869	146803	0
3782	623	5	1	0	13774	13775	0
5410	881	5	0	0	241822	272050	1
5868	383	6	0	0	133247	133247	0
5077	459	5	0	0	241658	270298	1
5232	413	5	0	0	100641	134106	0
5156	408	5	0	0	93372	141580	0
4536	503	4	0	0	148633	179751	1
4539	454	5	0	0	97687	128562	0
4576	410	5	0	0	99808	134908	0
611	823	5	1	0	15126	15127	0
3980	467	5	0	0	170539	198550	1
4123	388	6	0	0	100183	122248	0
3956	415	5	0	0	84691	97022	0
3311	574	4	0	0	113896	143025	0
24078	616	5	1	0	17592	17593	0
3076	531	5	0	0	449993	472584	1
3310	455	6	0	0	71721	80373	0
2667	461	6	0	0	76067	110870	0
2279	510	3	0	0	95416	205130	1
2563	417	5	0	0	76522	86858	0
2220	424	5	0	0	82959	94950	0
1863	508	3	0	0	86136	201714	1
2001	469	5	0	0	77281	96792	0
2003	425	5	0	0	74961	80460	0
1390	644	5	0	0	73513	85787	0
1366	462	5	0	0	77299	86780	0
1139	432	5	0	0	78369	94067	0
928	435	4	0	0	9888	22856	0
962	444	5	0	0	79942	91248	0
738	460	5	0	0	77299	85041	0
443	446	5	0	0	78568	83610	0
436	447	6	0	0	28503	28503	0
