n_blocks	sec_no	n_free_secs	sec_type	n_blks_node	gc_sec_latency	gc_total_latency	gc_type
616	398	118	0	0	283369	292017	1
621	682	119	0	0	51216	51218	0
3	581	13	1	3	238227	239345	1
3	591	14	1	0	27111	27111	0
4	577	5	1	4	116657	117655	1
24075	469	6	1	0	308560	308560	0
321	392	5	0	0	434021	441703	1
439	378	6	0	0	82700	85789	0
348	399	5	0	0	71642	74714	0
334	448	5	0	0	54220	57696	0
443	384	5	0	0	99970	101238	0
466	407	5	0	0	71368	75277	0
450	375	5	0	0	55380	57599	0
345	408	5	0	0	76687	78687	0
413	431	5	0	0	86397	90250	0
413	405	5	0	0	89778	92082	0
545	567	5	0	0	39707	45066	0
352	695	4	0	0	111797	117156	1
383	599	5	0	0	59771	64347	0
359	684	5	0	0	73372	75466	0
463	769	5	0	0	85542	91346	0
568	434	5	0	0	91185	95283	0
402	438	5	0	0	55806	58116	0
617	444	6	0	0	68808	73603	0
766	389	5	0	0	82831	91196	0
632	481	5	0	0	65005	71373	0
532	542	4	0	0	122167	127970	1
1252	459	5	0	0	50288	60776	0
829	869	5	0	0	57848	65664	0
4271	452	5	0	0	53246	77214	0
2	431	5	1	0	7230	7230	0
10779	437	5	0	0	341825	379499	1
24078	585	6	1	0	24505	24505	0
15405	506	4	0	0	470780	600123	1
19612	467	5	0	0	99188	227943	0
19557	571	5	0	0	110400	174454	0
19210	377	5	0	0	162364	271951	0
20110	433	5	0	0	80652	159296	0
19893	435	5	0	0	100988	288877	0
19779	777	3	0	0	566349	746387	1
15318	437	4	1	15318	37040	126920	1
19843	512	5	0	0	86943	101296	0
19525	705	5	0	0	152538	276618	0
20337	400	5	0	0	107833	177583	0
20245	388	5	0	0	155901	279975	0
20083	416	5	0	0	130053	259082	0
16370	467	4	1	16369	36257	132120	0
19681	827	5	0	0	126808	150036	0
24076	434	5	1	0	33023	33023	0
19543	472	5	0	0	792114	847577	1
19579	812	5	0	0	147283	269664	0
19684	419	5	0	0	205403	303716	0
19694	616	5	0	0	83227	280809	0
19436	701	3	0	0	494324	663551	1
19615	393	5	0	0	143051	276279	0
19589	394	5	0	0	97411	295066	0
19221	412	3	0	0	499461	664679	1
19629	0	4	0	0	435203	498164	0
12950	472	5	1	0	15736	15736	0
18902	842	5	0	0	552973	609385	1
19018	505	6	0	0	179959	290759	0
19055	376	5	0	0	106844	189369	0
19013	385	5	0	0	135181	225521	0
18437	788	4	0	0	458048	0	1
18459	806	3	0	0	457422	974953	1
24078	705	5	1	0	20076	20077	0
7543	616	5	1	7543	373810	417995	1
18307	403	6	0	0	113858	193046	0
18376	381	4	0	0	421709	0	0
18008	574	3	0	0	451580	981556	1
18355	382	5	0	0	217780	323864	0
17680	418	5	0	0	98070	270904	0
17462	523	3	0	0	490874	648282	1
17790	397	5	0	0	124601	208847	0
17401	413	5	0	0	148494	269694	0
14985	616	4	1	14985	34609	123490	1
17135	450	5	0	0	121609	242470	0
16970	703	3	0	0	472847	654082	1
17111	441	5	0	0	103723	128709	0
16880	390	5	0	0	94240	250991	0
16509	750	3	0	0	460087	614552	1
17051	387	5	0	0	139988	282323	0
16354	815	3	0	0	480967	712215	1
24078	505	5	1	0	22795	22797	0
7345	523	5	1	7345	368112	413899	1
16088	456	6	0	0	138440	224138	0
16295	427	4	0	0	37986	178267	0
16077	442	5	0	0	205586	316015	0
15598	560	5	0	0	113899	195139	0
15562	462	5	0	0	123550	223774	0
15438	690	3	0	0	477610	662359	1
15676	464	5	0	0	124650	202693	0
15053	586	5	0	0	113726	215801	0
15091	594	4	0	0	58935	236957	0
15054	831	3	0	0	451762	567613	1
12714	815	5	1	0	16706	16708	0
14793	743	5	0	0	501073	552635	1
15068	447	6	0	0	91323	150120	0
14888	422	5	0	0	126410	207359	0
14349	473	5	0	0	150896	244876	0
14352	479	4	0	0	340742	398598	0
12854	690	5	1	0	22109	22109	0
13881	628	5	0	0	439653	474656	1
14404	477	6	0	0	116366	170558	0
24078	616	5	1	0	23232	23232	0
13491	685	4	0	0	611129	652491	1
13727	548	5	0	0	129588	222012	0
13660	551	5	0	0	121950	187506	0
13176	776	5	0	0	126273	203145	0
13066	562	5	0	0	122731	214834	0
13176	489	5	0	0	176977	206370	0
12791	689	3	0	0	373889	615857	1
13126	522	5	0	0	111727	146878	0
8583	690	5	1	0	12385	12386	0
12417	791	5	0	0	400355	450442	1
12427	601	5	0	0	95270	179529	0
12465	559	5	0	0	115311	188253	0
11879	873	5	0	0	113832	223066	0
11915	781	3	0	0	349218	520074	1
12533	401	5	0	0	131564	214756	0
11525	776	3	1	14469	23751	275942	1
11694	569	5	0	0	124427	201140	0
11876	494	5	0	0	111306	192845	0
19674	815	5	1	0	21593	21594	0
10925	858	4	0	0	616274	664346	1
11174	576	5	0	0	82865	158205	0
10996	503	5	0	0	119474	188412	0
11057	409	5	0	0	126135	204047	0
10337	632	3	0	0	309882	534396	1
10348	642	4	0	0	282586	333380	1
10457	603	5	0	0	117958	192289	0
10442	589	5	0	0	115522	152513	0
10422	497	5	0	0	106210	179166	0
9853	658	5	0	0	145742	181313	0
9507	839	3	0	0	287204	511337	1
9804	563	5	0	0	100579	165790	0
7550	858	4	1	7550	87427	130107	1
9803	383	5	0	0	114800	169567	0
9751	380	5	0	0	115931	178622	0
9195	602	5	0	0	103838	166846	0
9140	396	5	0	0	111466	183593	0
8507	638	4	0	0	244807	0	1
8512	770	3	0	0	233236	534665	1
13942	601	5	1	0	19749	19749	0
4242	839	5	1	4242	265861	292345	1
8535	514	6	0	0	101038	144361	0
7935	783	5	0	0	87764	144392	0
7679	696	4	0	0	222586	265812	1
10136	776	5	1	0	14017	14017	0
7505	724	5	0	0	454470	495454	1
7922	402	6	0	0	47105	52702	0
7229	558	5	0	0	109008	290584	0
6936	795	3	0	0	220833	400273	1
7289	411	5	0	0	115278	156526	0
6628	731	3	0	0	210398	400365	1
7238	395	5	0	0	105057	127360	0
6552	621	5	0	0	120266	158552	0
6604	584	5	0	0	109048	164759	0
6481	379	5	0	0	85881	126651	0
6006	655	5	0	0	97795	127930	0
5878	406	5	0	0	68380	116121	0
5920	417	4	0	0	18831	80172	0
5813	595	5	0	0	97256	116635	0
5867	404	5	0	0	79295	100789	0
3648	795	5	1	0	12391	12392	0
5038	823	5	0	0	207816	239009	1
4663	871	4	0	0	207870	236849	1
13942	602	5	1	0	16440	16440	0
4423	861	4	0	0	385837	416764	1
4560	610	5	0	0	80311	110638	0
4500	410	5	0	0	75487	114889	0
4293	386	5	0	0	79305	123810	0
3947	611	5	0	0	79856	99593	0
10136	839	5	1	0	12905	12905	0
3366	656	5	0	0	344945	372148	1
3779	391	5	0	0	66303	116697	0
3113	865	3	0	0	120315	230750	1
3215	640	5	0	0	87522	110129	0
3232	414	5	0	0	90902	115583	0
3116	415	5	0	0	50755	59329	0
2630	439	5	0	0	94276	114339	0
2530	421	5	0	0	100635	120572	0
2497	423	5	0	0	96030	86241	0
1886	789	3	0	0	85480	208539	1
2009	440	5	0	0	92998	109154	0
1911	426	5	0	0	90245	106325	0
1801	425	5	0	0	66196	73135	0
1	839	5	1	0	8895	8896	0
1047	722	5	0	0	122380	132490	1
13942	655	6	1	0	18279	18279	0
478	687	5	0	0	322150	330015	1
696	430	6	0	0	36475	42443	0
621	449	5	0	0	33553	39737	0
512	453	5	0	0	198472	200316	0
