n_blocks	sec_no	n_free_secs	sec_type	n_blks_node	gc_sec_latency	gc_total_latency	gc_type
196	628	18	0	0	295910	298681	1
9492	823	19	1	0	132893	132894	0
327	442	5	0	0	156424	160612	1
14586	882	6	1	0	199419	199419	0
392	545	5	0	0	331338	340001	1
432	379	6	0	0	92461	95935	0
663	523	5	0	0	72895	77379	0
389	569	5	0	0	60723	64932	0
410	624	5	0	0	68925	71439	0
443	688	5	0	0	79435	82314	0
389	701	5	0	0	88565	52274	0
376	726	3	0	0	54689	151372	1
411	798	5	0	0	91582	95083	0
482	576	5	0	0	64250	71167	0
838	684	5	0	0	90029	95961	0
402	382	5	0	0	82281	84171	0
427	418	5	0	0	82405	87072	0
446	862	5	0	0	79111	83712	0
406	492	5	0	0	62197	63436	0
503	601	5	0	0	58527	62904	0
382	619	5	0	0	74354	81885	0
401	822	4	0	0	151272	156076	1
630	434	5	0	0	59074	63025	0
9492	866	5	1	0	21623	21623	0
576	758	5	0	0	283787	291772	1
1183	448	6	0	0	67805	71591	0
785	695	6	0	0	80961	82661	0
942	753	5	0	0	37078	50836	0
5278	868	4	1	5278	15919	50639	0
9308	880	5	1	0	11154	11155	0
6721	615	5	0	0	429789	457990	1
49165	571	6	0	0	305061	511094	0
10447	684	5	1	0	16625	16627	0
19028	377	5	0	0	679868	736195	1
19307	390	5	0	0	136793	245184	0
20349	553	5	0	0	89808	181291	0
20208	599	5	0	0	150123	203666	0
19588	737	5	0	0	181945	295831	0
19895	616	5	0	0	139214	268680	0
20179	397	5	0	0	155426	295228	0
19817	705	3	0	0	549767	776420	1
20170	440	5	0	0	110570	324904	0
17029	684	3	1	17029	32616	252974	1
19541	809	5	0	0	166787	291911	0
19390	827	3	0	0	541875	795846	1
19694	562	5	0	0	117034	199281	0
24078	695	5	1	0	24794	24795	0
19802	477	4	0	0	822174	0	1
19879	472	3	0	0	484818	1389484	1
20037	375	5	0	0	140654	244241	0
13970	705	5	1	0	15519	15519	0
19395	488	5	0	0	734215	797200	1
19508	392	5	0	0	113970	226351	0
19640	398	5	0	0	440616	527635	0
19233	399	5	0	0	107365	179232	0
19044	400	5	0	0	152085	268207	0
18915	438	3	0	0	528306	781224	1
18934	415	5	0	0	180776	284016	0
18795	779	3	0	0	531174	0	1
18858	694	2	0	0	451943	1262027	1
7717	705	5	1	0	12021	12021	0
18449	662	5	0	0	560815	614267	1
18793	0	6	0	0	109265	279837	0
18094	419	3	0	0	469813	656418	1
24078	827	5	1	0	19564	19565	0
17986	814	4	0	0	800329	853629	1
17652	438	5	1	0	17591	17592	0
17911	812	5	0	0	695455	745370	1
18195	378	6	0	0	118601	308971	0
17492	769	2	0	0	468277	0	1
17506	611	2	0	0	442162	1133464	1
17603	380	5	0	0	96321	266227	0
17248	539	3	0	0	471749	638718	1
17386	381	5	0	0	144238	257745	0
17095	422	5	0	0	133220	238173	0
17107	426	5	0	0	121735	271323	0
16771	473	3	0	0	460536	654616	1
10903	812	5	1	0	19948	19949	0
16524	542	5	0	0	537532	591198	1
17066	384	6	0	0	155452	225623	0
16370	503	5	0	0	56350	188218	0
24078	662	5	1	0	24193	24193	0
16087	777	4	0	0	738452	797935	1
16245	405	5	0	0	150525	254954	0
11013	539	5	1	0	15108	15109	0
15559	449	5	0	0	611450	655637	1
15641	431	6	0	0	139352	251408	0
15454	796	3	0	0	441052	644860	1
15517	408	5	0	0	128078	247866	0
15701	401	5	0	0	98509	238339	0
15046	548	3	0	0	397983	570870	1
15050	435	5	0	0	117963	224147	0
15084	423	5	0	0	94715	253800	0
14719	512	3	0	0	411697	0	1
14731	627	2	0	0	372052	967053	1
9228	662	5	1	0	12476	12476	0
14484	838	5	0	0	483425	533152	1
14800	396	6	0	0	127403	153931	0
24078	542	5	1	0	25060	25060	0
14011	848	4	0	0	700815	0	1
14054	481	3	0	0	357839	1129572	1
14343	407	5	0	0	95778	117827	0
13821	433	5	0	0	125242	221855	0
13621	444	5	0	0	134459	204970	0
13787	411	5	0	0	103728	224065	0
13144	638	3	0	0	393133	594758	1
13145	558	4	0	0	348280	403429	1
13662	385	5	0	0	121027	207450	0
9947	627	5	1	0	13859	13860	0
12823	430	5	0	0	552997	590242	1
13098	410	5	0	0	70077	93386	0
12536	514	5	0	0	80894	172326	0
12243	656	4	0	0	330016	378532	1
16252	548	5	1	0	23291	23291	0
12309	497	5	0	0	585878	633730	1
9548	481	4	1	9548	48142	103683	1
11812	450	5	0	0	56908	185515	0
11578	567	3	0	0	361812	487778	1
11598	468	4	0	0	317003	370382	1
11853	402	5	0	0	107077	183631	0
11832	388	5	0	0	115540	191535	0
11159	453	5	0	0	85887	159959	0
11255	417	5	0	0	122500	219388	0
10820	646	3	0	0	326649	544267	1
10845	441	4	0	0	289062	337338	1
11091	413	5	0	0	116392	185058	0
3895	548	5	1	0	15500	15501	0
10478	869	5	0	0	357398	405409	1
10885	389	6	0	0	94555	117665	0
10457	421	5	0	0	90697	174024	0
10352	404	5	0	0	122951	198085	0
9834	655	4	0	0	275065	321215	1
24078	638	5	1	0	24915	24917	0
5577	453	5	1	5577	368259	403028	1
9835	416	6	0	0	127490	189272	0
9069	658	4	0	0	250639	294702	1
9210	563	5	0	0	112478	174885	0
9061	457	5	0	0	126037	175002	0
8802	456	3	0	0	261695	469248	1
8973	425	5	0	0	121784	177347	0
8542	494	5	0	0	108408	170571	0
8503	447	5	0	0	102775	128057	0
8130	593	4	0	0	253415	293985	1
8462	437	5	0	0	95745	160902	0
3278	638	5	1	0	5084	5084	0
7753	452	5	0	0	290507	328356	1
7751	467	5	0	0	126226	173898	0
7761	459	5	0	0	107793	171555	0
48655	753	5	0	0	186710	777522	0
7164	537	2	0	0	330115	0	1
7165	555	2	0	0	197957	824049	1
24078	548	5	1	0	21266	21267	0
2180	563	5	1	2180	348308	360828	1
7217	427	6	0	0	137713	180223	0
6483	632	4	0	0	198134	233611	1
6647	462	5	0	0	122732	171039	0
6633	395	5	0	0	125037	169536	0
6572	393	5	0	0	119260	166590	0
5988	505	5	0	0	86694	124252	0
5630	471	3	0	0	179825	324940	1
6000	383	5	0	0	115789	165125	0
5452	676	4	0	0	168785	202997	1
5991	394	5	0	0	51505	82713	0
5787	376	5	0	0	99857	125809	0
2409	638	5	1	0	11920	11920	0
4834	642	5	0	0	212756	243076	1
5225	439	6	0	0	100790	111427	0
4542	469	5	0	0	112262	146226	0
4552	386	5	0	0	89447	108677	0
3960	506	4	0	0	138019	164122	1
24078	593	5	1	0	27502	27503	0
3808	606	5	0	0	481895	511251	1
3965	479	5	0	0	87104	118580	0
1617	505	5	1	0	11281	11283	0
3477	489	5	0	0	139604	165552	1
3645	387	6	0	0	86201	114064	0
3274	482	5	0	0	80172	105334	0
3144	391	5	0	0	83909	102129	0
2898	403	5	0	0	88531	111662	0
2653	490	5	0	0	76957	98727	0
2421	406	5	0	0	78193	97928	0
2413	409	5	0	0	43347	61778	0
1984	464	5	0	0	43039	59719	0
1701	637	4	0	0	140415	155748	1
1928	414	5	0	0	73628	84487	0
1764	412	5	0	0	48075	58148	0
529	479	5	1	0	8940	8941	0
1068	617	5	0	0	153512	163580	1
1271	420	6	0	0	80547	80548	0
673	543	5	0	0	111797	122701	1
758	424	6	0	0	98961	106654	0
484	428	5	0	0	56713	58658	0
4	429	4	0	0	184927	185959	1
1	475	66	0	0	262637	263683	1
