n_blocks	sec_no	n_free_secs	sec_type	n_blks_node	gc_sec_latency	gc_total_latency	gc_type
389	392	19	0	0	309860	314635	1
24078	745	20	1	0	315611	315611	0
356	435	5	0	0	131952	139907	1
639	417	6	0	0	83000	84360	0
420	377	5	0	0	51659	56321	0
442	402	5	0	0	11456	16633	0
439	421	5	0	0	98071	100873	0
466	436	5	0	0	70818	75143	0
481	432	5	0	0	51989	54719	0
358	438	5	0	0	76338	63894	0
378	482	3	0	0	58393	141403	1
589	439	5	0	0	49223	54471	0
413	453	5	0	0	83593	86342	0
501	459	5	0	0	60265	64675	0
567	465	5	0	0	77335	85549	0
532	469	5	0	0	83602	86505	0
745	545	5	0	0	82216	89086	0
444	563	5	0	0	87774	93098	0
373	571	5	0	0	74977	76526	0
438	635	5	0	0	72525	77985	0
3	818	4	1	3	49539	50385	1
457	734	5	0	0	88466	92014	0
627	512	5	0	0	78216	82069	0
486	751	5	0	0	56887	62202	0
1571	681	5	1	0	20678	20678	0
445	376	6	0	0	140633	148661	1
1125	403	7	0	0	65349	65351	0
752	539	5	0	0	157255	167049	1
22504	683	6	1	0	17570	17570	0
4809	586	5	0	0	498348	523416	1
5738	598	4	0	0	228596	269520	1
9018	469	5	1	0	11900	11902	0
19674	529	5	0	0	699866	759211	1
44331	689	6	0	0	153626	280599	0
19980	407	5	0	0	230938	361822	0
19582	506	5	0	0	214915	306637	0
20177	0	5	0	0	211877	295228	0
20177	419	5	0	0	92070	222459	0
19662	492	5	0	0	156131	283904	0
19834	456	3	0	0	548021	767234	1
20204	619	5	0	0	106440	301335	0
17665	529	2	1	17665	33844	247922	1
20330	398	4	0	0	76544	219427	0
20337	508	5	0	0	217248	306944	0
19640	637	5	0	0	162753	285455	0
19403	646	5	0	0	95382	252695	0
20147	410	5	0	0	118765	206209	0
13206	506	5	1	0	15366	15366	0
19620	823	5	0	0	632638	681421	1
19670	647	6	0	0	177509	266284	0
19681	448	5	0	0	440380	508790	0
19670	479	5	0	0	66499	127779	0
19700	381	5	0	0	149972	312906	0
18023	529	3	1	18024	66061	354562	1
19338	387	5	0	0	107533	227891	0
19416	396	5	0	0	104536	192534	0
19056	554	5	0	0	171180	287421	0
19049	463	5	0	0	159675	250274	0
24078	512	5	1	0	28077	28079	0
18590	682	4	0	0	762972	817838	1
15679	506	5	1	0	20875	20877	0
18356	556	5	0	0	677229	733826	1
18903	379	5	0	0	109864	172078	0
18426	406	5	0	0	132003	252088	0
17984	756	4	0	0	463769	0	1
18022	871	3	0	0	440321	969516	1
18399	393	5	0	0	153924	255116	0
18417	399	5	0	0	149584	263786	0
17744	409	5	0	0	167105	293485	0
17590	660	3	0	0	473809	705286	1
17690	425	5	0	0	91529	175206	0
7010	554	4	1	7010	68789	111724	1
17150	600	5	0	0	76320	252694	0
17118	509	3	0	0	508381	652523	1
17141	677	5	0	0	119502	234511	0
17475	378	5	0	0	136945	248491	0
17059	412	5	0	0	133345	273888	0
16566	591	2	0	0	448293	0	1
16608	458	2	0	0	420241	1073829	1
10353	660	5	1	0	19066	19068	0
16375	618	5	0	0	523933	576864	1
16884	388	6	0	0	140479	230888	0
16330	437	5	0	0	104653	208735	0
16377	466	5	0	0	131283	199411	0
15670	584	4	0	0	403663	455420	1
11602	677	5	1	0	15804	15805	0
15558	625	5	0	0	507812	560301	1
15728	485	5	0	0	146362	209835	0
15736	428	5	0	0	131715	227862	0
24078	529	5	1	0	23927	23928	0
15086	530	4	0	0	719962	775116	1
15651	375	5	0	0	141710	243068	0
11730	458	5	1	0	16131	16132	0
14747	857	5	0	0	499967	547543	1
15091	440	6	0	0	86134	147761	0
14454	486	5	0	0	126021	230332	0
14448	605	5	0	0	133741	214296	0
14260	725	3	0	0	417589	651820	1
14456	427	5	0	0	134705	224705	0
14295	433	5	0	0	112735	177235	0
13744	622	5	0	0	143653	241656	0
13706	817	3	0	0	400069	652531	1
12585	584	4	1	12585	29648	104299	1
13820	451	5	0	0	111954	185124	0
13716	386	5	0	0	136419	222401	0
13619	390	5	0	0	87451	199208	0
12955	712	3	0	0	363284	523990	1
13133	464	5	0	0	126210	212164	0
8475	605	4	1	8475	74481	122202	1
13129	431	5	0	0	147860	228771	0
13062	401	5	0	0	149706	236909	0
12503	520	5	0	0	166918	202213	0
12358	792	3	0	0	365902	597671	1
12542	472	5	0	0	85471	156620	0
6949	712	4	1	6949	71795	112146	1
12385	444	5	0	0	117520	195798	0
11888	576	5	0	0	129187	208988	0
11837	450	5	0	0	122925	210771	0
11346	749	3	0	0	336721	552923	1
11413	888	4	0	0	309611	359556	1
11859	446	5	0	0	127894	207412	0
3125	792	5	1	0	12240	12241	0
10915	770	5	0	0	357147	405505	1
24078	485	6	1	0	27314	27314	0
10548	836	4	0	0	614314	661167	1
11018	405	5	0	0	116607	193062	0
10270	785	3	0	0	310151	513176	1
10430	493	5	0	0	111705	181494	0
10362	452	5	0	0	100570	165010	0
10446	455	5	0	0	120382	195325	0
9774	581	4	0	0	248940	302468	0
9739	596	5	0	0	88752	174201	0
6125	792	3	1	10140	17489	195022	1
9814	462	5	0	0	108773	174160	0
9772	475	5	0	0	99459	143519	0
9215	648	5	0	0	128626	181951	0
9103	476	5	0	0	124414	171144	0
8726	784	3	0	0	256579	456241	1
9153	384	5	0	0	125017	179578	0
1617	785	5	1	0	11316	11316	0
8351	540	5	0	0	303147	344223	1
8472	496	5	0	0	85392	124606	0
28787	745	5	0	0	143243	233859	0
8549	383	5	0	0	111288	174289	0
7707	883	3	0	0	251815	0	1
7756	698	2	0	0	208614	669832	1
7853	502	5	0	0	110833	166623	0
2102	792	5	1	0	11964	11965	0
7306	806	5	0	0	259075	300523	1
7785	389	6	0	0	82966	91972	0
7269	413	5	0	0	99767	157333	0
7188	457	4	0	0	29199	95656	0
7262	471	5	0	0	89761	103607	0
24075	712	5	1	0	19960	19960	0
3486	745	5	1	3486	357086	377881	1
6630	478	6	0	0	109497	146150	0
6012	680	5	0	0	60337	113683	0
6026	715	3	0	0	188066	297236	1
6442	380	5	0	0	98425	136442	0
5900	481	5	0	0	82177	133943	0
5844	382	5	0	0	87734	135605	0
5608	385	5	0	0	70598	111927	0
5238	515	5	0	0	86985	110061	0
5244	391	5	0	0	96609	131593	0
4668	534	4	0	0	186389	217671	1
5059	394	5	0	0	73922	108633	0
2704	745	5	1	0	8760	8761	0
4356	579	5	0	0	215363	244743	1
4575	395	5	0	0	102235	133912	0
4506	414	5	0	0	72334	84576	0
3936	483	5	0	0	110875	137937	0
3948	416	5	0	0	86998	115039	0
3338	825	4	0	0	172993	198528	1
3878	424	5	0	0	73673	85794	0
3289	480	5	0	0	86734	111951	0
3229	454	6	0	0	115650	115651	0
2664	521	5	0	0	153923	174790	1
24090	469	6	0	0	131088	321892	0
2202	692	3	0	0	155684	330563	1
2627	418	5	0	0	75460	89756	0
1997	609	4	0	0	143751	160697	1
2014	473	5	0	0	93247	111695	0
1985	491	5	0	0	81182	97048	0
387	579	5	1	0	8888	8890	0
1311	590	5	0	0	130391	143494	1
1353	495	6	0	0	91752	105300	0
1130	420	5	0	0	78781	84417	0
725	514	5	0	0	92708	66784	0
516	658	3	0	0	56937	160870	1
683	429	5	0	0	79698	86427	0
335	422	5	0	0	86852	93733	0
308	441	5	0	0	130806	637652	0
201	442	70	0	0	30666	30667	0
