n_blocks	sec_no	n_free_secs	sec_type	n_blks_node	gc_sec_latency	gc_total_latency	gc_type
362	842	18	0	0	301534	309217	1
24078	823	19	1	0	323186	323187	0
341	705	6	0	0	153089	160208	1
349	391	7	0	0	52310	52311	0
341	406	5	0	0	143851	148190	1
449	431	6	0	0	92101	52472	0
334	473	3	0	0	49869	147673	1
395	750	5	0	0	54689	56941	0
337	378	5	0	0	78912	80943	0
566	387	5	0	0	85522	91414	0
383	395	5	0	0	69777	72365	0
565	399	5	0	0	59788	62271	0
388	412	5	0	0	90287	94884	0
466	420	6	0	0	98228	100104	0
340	422	5	0	0	82554	86658	0
447	636	4	0	0	90823	96698	1
668	483	5	0	0	85799	89663	0
536	489	5	0	0	87455	92548	0
767	450	5	0	0	79889	89475	0
603	533	6	0	0	96026	98386	0
456	576	5	0	0	45726	47652	0
726	626	5	0	0	30913	36829	0
503	631	5	0	0	40801	45386	0
853	699	5	0	0	45864	53489	0
966	405	4	0	0	115477	125413	1
1015	667	5	0	0	35885	44082	0
1986	622	5	0	0	80409	92694	0
4	420	5	1	0	11231	11231	0
2234	484	5	0	0	151062	164347	1
24075	861	6	1	0	41839	41839	0
19724	563	4	0	0	845316	897272	1
34110	435	5	0	0	157818	341046	0
19702	432	5	0	0	441526	541523	0
19292	506	5	0	0	118669	282512	0
19964	407	3	0	0	541428	756184	1
20165	376	5	0	0	146930	245997	0
20190	384	5	0	0	101189	176027	0
16338	622	4	1	16338	36525	131537	1
19544	571	5	0	0	172763	298247	0
19686	664	5	0	0	152500	281472	0
19641	717	5	0	0	94117	168684	0
20273	482	5	0	0	122482	196327	0
20315	0	5	0	0	133263	310515	0
17621	563	3	1	17621	39365	311999	1
20248	388	5	0	0	139684	303527	0
19778	529	3	0	0	545358	765969	1
20118	392	5	0	0	121824	182586	0
19677	418	5	0	0	148999	296330	0
19247	635	3	0	0	531574	750844	1
19701	393	5	0	0	138909	231425	0
10246	717	4	1	10246	40374	102899	1
24078	576	5	1	0	30578	30579	0
18751	784	5	0	0	793822	852665	1
19384	377	5	0	0	124066	291651	0
19078	776	3	0	0	533519	740613	1
19573	383	5	0	0	82363	132533	0
18949	413	5	0	0	182658	273528	0
19063	421	5	0	0	113729	162489	0
19023	402	5	0	0	170403	284472	0
18564	615	3	0	0	514952	758677	1
18978	396	5	0	0	139865	249643	0
14685	717	4	1	14685	34385	123009	1
18393	419	5	0	0	149303	266200	0
18407	433	5	0	0	124632	237341	0
18425	424	5	0	0	154678	262704	0
18316	401	5	0	0	145282	243391	0
14603	615	4	1	14603	33479	120011	1
18368	382	5	0	0	138735	223997	0
17726	425	5	0	0	144658	239247	0
17767	436	5	0	0	156339	271210	0
17746	427	5	0	0	104271	268506	0
17119	870	3	0	0	485119	676415	1
10911	717	4	1	10911	28301	91988	0
17777	410	5	0	0	143784	252153	0
16742	438	5	0	0	139837	251614	0
24078	635	5	1	0	22847	22848	0
16409	751	4	0	0	768810	0	1
16453	734	3	0	0	411669	1244590	1
16947	414	5	0	0	130967	239051	0
16345	441	5	0	0	141109	241600	0
16312	457	5	0	0	106750	172153	0
16290	440	5	0	0	122694	219498	0
16313	442	4	0	0	387192	450569	0
16170	455	5	0	0	126298	226735	0
10465	438	5	1	0	21169	21170	0
15642	619	5	0	0	591804	651722	1
15707	578	5	0	0	122553	213136	0
15734	439	5	0	0	108312	234865	0
15313	458	5	0	0	117846	214981	0
12982	441	4	1	12982	89451	164792	1
15657	390	5	0	0	145979	256871	0
14739	715	3	0	0	429050	675813	1
14969	467	5	0	0	124082	234598	0
15005	453	5	0	0	111260	168088	0
14349	857	4	0	0	404287	0	1
14350	759	3	0	0	365327	828604	1
14376	492	5	0	0	113819	209681	0
9225	457	5	1	0	17939	17939	0
14146	472	5	0	0	565551	614316	1
14401	456	6	0	0	120472	232574	0
13543	888	3	0	0	401432	616486	1
13561	773	4	0	0	355618	407775	1
17946	615	5	1	0	16736	16737	0
12072	467	5	1	12072	307403	376858	1
13804	459	6	0	0	95930	120559	0
13022	508	5	0	0	127820	211311	0
12922	772	4	0	0	371308	0	1
12937	754	3	0	0	331949	752711	1
13061	469	5	0	0	126583	182090	0
13177	465	5	0	0	131358	219168	0
12468	696	5	0	0	147934	225875	0
12465	512	5	0	0	136864	215715	0
11999	867	2	0	0	362154	0	1
12042	827	2	0	0	322896	920783	1
7796	492	5	1	0	17794	17795	0
11891	869	5	0	0	412825	469916	1
11893	749	6	0	0	118952	184618	0
11712	488	5	0	0	126838	186760	0
11243	607	3	0	0	338112	558621	1
11256	800	4	0	0	305654	350461	1
11260	544	5	0	0	104814	157858	0
6026	696	5	1	0	14815	14817	0
10961	637	5	0	0	361168	406526	1
11162	539	6	0	0	73872	79312	0
11055	398	5	0	0	127651	210539	0
10471	688	5	0	0	136212	208670	0
10278	805	4	0	0	277063	321058	1
10478	556	5	0	0	91730	104276	0
5576	749	5	1	0	11420	11420	0
9897	777	5	0	0	339139	385502	1
24078	472	6	1	0	28836	28836	0
9344	836	4	0	0	599220	0	1
9369	879	3	0	0	248453	907477	1
9847	429	5	0	0	58347	100659	0
9651	385	5	0	0	113493	174951	0
9141	545	5	0	0	111341	173900	0
9001	509	5	0	0	110629	172164	0
8988	403	5	0	0	105351	175511	0
8402	594	3	0	0	264673	449906	1
8402	692	4	0	0	234693	280092	1
8440	558	5	0	0	86973	145350	0
2716	805	5	1	0	9949	9949	0
7979	860	5	0	0	264454	306106	1
8398	409	6	0	0	134691	175466	0
7873	454	5	0	0	116319	194146	0
7803	416	4	0	0	202074	250018	0
7868	428	5	0	0	92828	137452	0
6822	556	3	1	9881	18271	195162	1
7119	560	5	0	0	118818	167894	0
7263	464	5	0	0	131213	191540	0
7251	452	5	0	0	80167	113789	0
6655	586	5	0	0	110825	156533	0
6374	600	4	0	0	191290	228153	1
6570	471	5	0	0	107581	147790	0
4537	805	5	1	0	14096	14097	0
6045	745	5	0	0	244865	275497	1
6453	375	6	0	0	83603	110762	0
5914	380	5	0	0	30525	92373	0
6004	381	5	0	0	72569	118760	0
5298	817	3	0	0	158872	276062	1
24078	800	5	1	0	30673	30673	0
5090	763	5	0	0	495853	528644	1
5213	598	6	0	0	68268	99643	0
1	560	5	1	0	11000	11001	0
4456	792	4	0	0	203852	233986	1
4551	593	5	0	0	93451	124764	0
4600	379	5	0	0	92370	127975	0
25309	420	5	0	0	109806	416037	0
3878	812	3	0	0	187146	365434	1
3965	725	5	0	0	104068	132735	0
3923	437	5	0	0	107824	137805	0
3796	389	5	0	0	38060	54063	0
3282	819	4	0	0	166622	194711	1
3297	853	5	0	0	105469	133455	0
3326	490	5	0	0	53561	73973	0
113	763	5	1	0	11620	11622	0
2588	740	5	0	0	154614	174026	1
2683	609	6	0	0	57517	69974	0
2429	386	5	0	0	81488	95474	0
1986	588	5	0	0	82153	98171	0
1782	624	4	0	0	102704	117693	1
1999	451	5	0	0	67846	76770	0
1637	394	5	0	0	78535	95008	0
745	812	5	1	0	7274	7275	0
1167	720	5	0	0	130877	143029	1
1370	408	6	0	0	88323	98746	0
753	646	5	0	0	56353	63927	0
747	397	5	0	0	61276	65046	0
397	400	5	0	0	68931	73745	0
129	689	4	0	0	90143	92491	1
436	404	5	0	0	260185	263161	0
