n_blocks	sec_no	n_free_secs	sec_type	n_blks_node	gc_sec_latency	gc_total_latency	gc_type
18164	676	5	1	18164	492326	611779	1
20586	469	6	0	0	982757	982758	0
18175	673	5	1	18175	119887	268624	1
18138	676	4	1	18138	60175	194745	1
20855	598	5	0	0	599862	599863	0
18140	673	5	1	18264	172093	245818	1
18166	676	4	1	18166	64076	200822	1
19948	648	5	0	0	692551	692552	0
18267	673	5	1	18267	94421	220473	1
18299	676	4	1	18299	68080	205024	1
20287	413	5	0	0	751813	751813	0
18129	673	5	1	18129	94226	216841	1
18110	676	4	1	18110	60113	192232	1
20575	401	5	0	0	817635	817636	0
18208	673	5	1	18208	103365	224401	1
20331	439	6	0	0	996473	996474	0
18185	676	5	1	18185	98923	230765	1
18106	673	4	1	18106	54793	187961	1
20422	592	5	0	0	268225	268227	0
18090	676	5	1	18139	100003	239843	1
18084	673	4	1	18084	72054	194425	1
20026	431	5	0	0	272383	272384	0
18197	661	5	1	18197	102400	234308	1
18064	673	4	1	18064	52840	194126	1
19702	628	5	0	0	254149	254150	0
18133	661	5	1	18133	91525	221362	1
18135	673	4	1	18135	50336	182200	1
24078	672	5	1	0	515247	515248	0
20305	511	5	0	0	540286	600490	1
20964	408	6	0	0	221103	221103	0
18360	673	5	1	18360	101583	222928	1
18229	672	4	1	18229	56413	212181	1
20418	554	5	0	0	345595	345597	0
18147	673	5	1	18147	149877	317691	1
18096	672	4	1	18096	69965	299787	1
19999	590	5	0	0	343551	343551	0
18232	673	5	1	18256	114155	291325	1
18178	672	4	1	18178	58886	214259	1
19922	422	5	0	0	343442	343442	0
