n_blocks	sec_no	n_free_secs	sec_type	n_blks_node	gc_sec_latency	gc_total_latency	gc_type
8852	673	4	1	8852	462414	469287	1
15226	884	5	1	0	409293	409293	0
15832	660	6	0	0	409128	452044	1
16232	649	4	0	0	440159	501901	1
16310	661	5	0	0	735609	735610	0
16919	650	6	0	0	420111	474459	1
17755	588	5	0	0	433699	480809	1
17941	646	6	0	0	216987	216988	0
17643	659	6	0	0	1090975	1142947	1
18014	418	5	0	0	453073	500410	1
18078	647	5	0	0	482636	539179	1
17878	481	5	0	0	888998	951564	1
18054	676	5	1	18054	69574	189834	1
18182	671	4	1	18182	61591	201798	1
18185	482	5	0	0	271907	271908	0
18139	673	5	1	18166	92366	223563	1
18125	463	4	0	0	437524	495748	1
18397	653	5	0	0	268002	268003	0
18115	673	6	1	18254	85418	241161	1
18405	671	4	1	18405	53035	192804	1
18639	466	5	0	0	239222	239224	0
18253	673	5	1	18253	103785	227414	1
18134	676	4	1	18134	60098	187380	1
19527	389	5	0	0	254846	254847	0
18135	673	5	1	18179	96112	223141	1
18055	676	4	1	18056	51471	191938	1
19532	655	5	0	0	219192	219193	0
18257	673	5	1	18257	130531	349256	1
18068	676	4	1	18068	64593	267423	1
19671	441	5	0	0	336728	336729	0
18227	673	5	1	18227	122935	252740	1
18220	676	4	1	18221	64722	204876	1
18917	571	5	0	0	299925	299925	0
