n_blocks	sec_no	n_free_secs	sec_type	n_blks_node	gc_sec_latency	gc_total_latency	gc_type
2504	678	4	0	0	82118	90028	1
8852	884	5	1	0	384902	384903	0
2807	674	6	0	0	242849	253936	1
3303	677	4	0	0	127011	141094	1
15226	888	5	1	0	463730	463730	0
3284	680	6	0	0	159769	169660	1
3208	0	4	0	0	183455	193206	1
3262	675	5	0	0	315019	315020	0
3792	672	6	0	0	635841	668676	1
4081	676	5	0	0	361971	397532	1
4554	670	5	0	0	361861	389990	1
5130	669	5	0	0	156904	173748	1
4924	673	5	0	0	159439	178261	1
4904	671	5	0	0	413834	447167	1
8339	666	5	0	0	235422	260327	1
8526	665	5	0	0	528157	576330	1
8852	883	5	1	8852	140896	147939	1
8993	667	5	0	0	248966	275696	1
10775	664	5	0	0	308993	308994	0
8852	672	5	1	8852	174552	179590	1
11543	658	5	0	0	291363	326863	1
8852	883	4	1	8852	146602	155306	1
11969	662	5	0	0	411362	411364	0
13789	663	6	0	0	434524	495538	1
8852	676	4	1	8853	171506	182460	1
13458	656	5	0	0	214636	214637	0
14914	654	6	0	0	407587	448079	1
