n_blocks	sec_no	n_free_secs	sec_type	n_blks_node	gc_sec_latency	gc_total_latency	gc_type
7155	608	4	1	7155	283065	296460	1
20035	651	5	0	0	305671	305672	0
18133	625	5	1	18133	140096	268198	1
18192	673	4	1	18192	51534	207823	1
19860	443	5	0	0	823038	823038	0
18251	651	5	1	18312	113105	245260	1
18050	673	4	1	18050	52425	192804	1
20514	516	5	0	0	697966	697967	0
18138	651	5	1	18138	79714	215635	1
18147	673	4	1	18148	55208	200662	1
20223	576	5	0	0	286990	286991	0
18202	651	5	1	18327	171127	264379	1
17952	673	4	1	17952	57401	186640	1
20822	595	5	0	0	846118	846120	0
18148	651	5	1	18148	95982	222552	1
18170	673	4	1	18171	64872	198202	1
20757	579	5	0	0	277113	277114	0
18125	651	5	1	18125	91763	223517	1
18109	673	4	1	18109	57443	194654	1
20321	402	5	0	0	827081	827082	0
18279	651	5	1	18279	123624	258330	1
20478	403	6	0	0	271946	271947	0
18207	673	5	1	18207	96568	227218	1
18124	651	4	1	18124	77522	209787	1
19568	508	5	0	0	515122	515124	0
18109	673	5	1	18109	112340	229780	1
18284	651	4	1	18284	55992	184157	1
20455	611	5	0	0	502639	502641	0
18071	673	5	1	18125	113355	240199	1
18191	651	4	1	18191	55412	194681	1
19630	492	5	0	0	506610	506610	0
18247	673	5	1	18247	103347	232355	1
18214	651	4	1	18214	72314	256877	1
19879	522	5	0	0	582131	582132	0
18247	673	5	1	18247	122493	292026	1
18304	651	4	1	18304	67173	260963	1
21361	580	5	0	0	328766	328766	0
18120	673	5	1	18120	133935	266429	1
