n_blocks	sec_no	n_free_secs	sec_type	n_blks_node	gc_sec_latency	gc_total_latency	gc_type
18371	673	5	1	18371	264054	386222	1
18211	676	4	1	18212	57304	199970	1
19310	572	5	0	0	255633	255634	0
18190	673	5	1	18190	94119	230256	1
19580	405	6	0	0	263871	263872	0
18133	676	5	1	18133	89185	237391	1
18065	673	4	1	18065	52711	189593	1
19316	643	5	0	0	304715	304716	0
18136	676	5	1	18136	90980	215285	1
18143	673	4	1	18144	64659	194390	1
19594	591	5	0	0	242947	242947	0
18190	676	5	1	18190	113225	239137	1
18198	673	4	1	18198	58175	196268	1
19640	396	5	0	0	775316	775318	0
18299	676	5	1	18299	96262	228689	1
18220	673	4	1	18220	65026	192065	1
19558	473	5	0	0	453876	453877	0
18140	676	5	1	18247	98846	249753	1
18067	673	4	1	18067	59049	186539	1
19436	420	5	0	0	453179	453180	0
18118	676	5	1	18163	99773	235741	1
18059	673	4	1	18060	51671	193622	1
19577	642	5	0	0	212404	212405	0
18058	676	5	1	18058	95041	216580	1
18184	673	4	1	18184	50073	193948	1
19885	652	5	0	0	489425	489425	0
18167	676	5	1	18167	94419	227634	1
18287	673	4	1	18287	56189	193577	1
19608	621	5	0	0	468241	468241	0
18285	676	5	1	18285	97509	220670	1
18152	673	4	1	18153	70539	195682	1
20225	552	5	0	0	268891	268892	0
18111	676	5	1	18175	120884	322945	1
18014	673	4	1	18014	73916	272651	1
20379	645	5	0	0	544421	544422	0
18228	676	5	1	18228	116909	253564	1
18083	673	4	1	18084	66916	208406	1
19955	438	5	0	0	325664	325665	0
