n_blocks	sec_no	n_free_secs	sec_type	n_blks_node	gc_sec_latency	gc_total_latency	gc_type
19358	673	5	1	19358	464986	477312	1
19752	608	6	0	0	275326	275326	0
18101	672	5	1	18101	116793	264549	1
18105	673	4	1	18105	52718	189319	1
19813	442	5	0	0	846098	846098	0
18194	672	5	1	18194	124616	247176	1
18224	673	4	1	18224	53194	192286	1
20814	569	5	0	0	777696	777698	0
18082	672	5	1	18146	111915	231597	1
18084	673	4	1	18084	50896	193283	1
20606	424	5	0	0	895680	895681	0
18269	672	5	1	18269	99556	221535	1
18060	673	4	1	18060	75165	207504	1
19996	573	5	0	0	764744	764746	0
18210	655	5	1	18210	101655	219976	1
18170	673	4	1	18170	55024	192663	1
20312	503	5	0	0	679953	679954	0
18029	655	5	1	18126	208276	235801	1
18010	673	4	1	18011	61804	196165	1
19911	568	5	0	0	259391	259391	0
18070	655	5	1	18070	108002	233017	1
18292	673	4	1	18293	58645	186261	1
20171	603	5	0	0	226685	226686	0
18191	608	5	1	18191	94339	223071	1
18156	673	4	1	18157	48702	197711	1
20143	605	5	0	0	225662	225662	0
18295	608	5	1	18295	97099	231799	1
20187	493	6	0	0	233368	233370	0
18213	673	5	1	18213	103349	217623	1
18108	608	4	1	18108	63155	190364	1
20894	391	5	0	0	231890	231890	0
18243	673	5	1	18273	90230	235125	1
18114	608	4	1	18114	69023	296168	1
20606	577	5	0	0	628167	628168	0
18181	673	5	1	18218	135195	301797	1
18128	608	4	1	18128	69601	311129	1
19969	625	5	0	0	613273	613275	0
18181	673	5	1	18181	115932	273305	1
