n_blks	sec_no	n_free	sectyp	n_node	seclat	cp_lat	totlat	gc_type	prempt	bio	bdirty	bmoreio
28327	888	18	1	507	114915	0	114915	1	2	3	1	0
27820	888	7	1	8151	217177	0	217177	1	2	2	1	0
19669	888	7	1	8150	91573	0	91573	1	2	2	1	0
11519	888	6	1	8151	86570	0	86570	1	2	2	1	0
3368	888	6	1	3368	39688	0	39688	1	2	2	1	0
0	888	7	1	0	2910	0	2910	1	2	2	1	0
0	888	7	1	0	2692	0	2692	1	2	2	1	0
0	888	7	1	0	2658	0	2658	1	2	2	1	0
0	888	7	1	0	2564	0	0	1	0	2	1	0
507	876	7	1	0	38	0	2604	1	1	2	1	0
507	876	7	1	0	1253	0	1253	1	2	2	1	0
507	876	7	1	0	1228	0	1228	1	2	2	1	0
507	876	7	1	0	1330	0	1331	1	2	2	1	0
507	876	7	1	0	1299	0	1299	1	2	2	1	0
507	876	7	1	0	1220	0	1220	1	2	2	1	0
507	876	7	1	507	5430	0	5430	1	2	2	1	0
0	876	8	1	0	4994	0	4994	1	2	2	1	0
0	876	7	1	0	72480	0	0	1	0	2	1	0
30285	877	7	1	0	64	0	72544	1	1	2	1	0
30285	877	7	1	0	2536	0	2536	1	2	2	1	0
30285	877	7	1	1	1580	0	1580	1	2	2	1	0
30284	877	7	1	3	1821	0	1821	1	2	2	1	0
30281	877	7	1	2229	6173	0	6173	1	2	2	1	0
28052	877	7	1	8171	34132	0	34132	1	2	2	1	0
19881	877	7	1	4024	57070	0	57070	1	2	2	1	0
15857	877	7	1	8182	41772	0	41772	1	2	2	1	0
7675	877	7	1	7675	64330	46563	0	1	0	2	1	0
45189	717	8	0	0	11412	0	122306	1	1	2	1	0
44834	717	7	0	0	193239	0	193239	1	2	2	1	0
39183	717	7	0	0	133750	0	133750	1	2	2	1	0
33525	717	7	0	0	130176	0	130176	1	2	2	1	0
27865	717	7	0	0	135864	0	135864	1	2	2	1	0
22280	717	7	0	0	132194	0	132194	1	2	2	1	0
16619	717	7	0	0	139246	0	139246	1	2	2	1	0
11026	717	7	0	0	132989	0	132990	1	2	2	1	0
5323	717	7	0	0	121400	2283	0	1	0	2	1	0
44844	524	8	0	0	6340	0	130023	1	1	2	1	0
44488	524	7	0	0	200609	0	200609	1	2	2	1	0
38865	524	7	0	0	132813	0	132813	1	2	2	1	0
33273	524	7	0	0	131014	0	131014	1	2	2	1	0
27691	524	7	0	0	127642	0	127642	1	2	2	1	0
22024	524	6	0	0	131758	0	131758	1	2	2	1	0
16432	524	6	0	0	125239	0	125239	1	2	2	1	0
10829	524	6	0	0	125203	0	125205	1	2	2	1	0
5219	524	6	0	0	116148	0	0	1	0	2	1	0
44563	543	6	0	0	7966	0	124115	1	2	2	1	0
44223	543	7	0	0	128104	0	128104	1	2	2	1	0
38578	543	7	0	0	130938	0	130938	1	2	2	1	0
32991	543	7	0	0	130174	0	130174	1	2	2	1	0
27417	543	7	0	0	127361	0	127361	1	2	2	1	0
21874	543	7	0	0	131653	0	131654	1	2	2	1	0
16319	543	7	0	0	131434	0	131434	1	2	2	1	0
10758	543	7	0	0	134286	0	134286	1	2	2	1	0
5205	543	7	0	0	125449	0	0	1	0	2	1	0
44645	557	6	0	0	10395	0	135845	1	2	2	1	0
44288	557	7	0	0	126550	0	126551	1	2	2	1	0
38725	557	7	0	0	131276	0	131276	1	2	2	1	0
33133	557	7	0	0	130327	0	130327	1	2	2	1	0
27559	557	7	0	0	126543	0	126544	1	2	2	1	0
22015	557	7	0	0	129448	0	129448	1	2	2	1	0
16445	557	7	0	0	134074	0	134074	1	2	2	1	0
10878	557	7	0	0	138443	0	138443	1	2	2	1	0
5281	557	7	0	0	122682	2551	0	1	0	2	1	0
44656	595	8	0	0	6302	0	131536	1	1	2	1	0
44308	595	7	0	0	199316	0	199317	1	2	2	1	0
38654	595	7	0	0	131668	0	131668	1	2	2	1	0
33071	595	7	0	0	135534	0	135534	1	2	2	1	0
27498	595	6	0	0	130964	0	130966	1	2	2	1	0
21981	595	6	0	0	135480	0	135480	1	2	2	1	0
16381	595	6	0	0	127780	0	127780	1	2	2	1	0
10798	595	6	0	0	132951	0	132951	1	2	2	1	0
5237	595	6	0	0	126854	0	0	1	0	2	1	0
44618	625	6	0	0	6625	0	133479	1	2	2	1	0
44269	625	7	0	0	128865	0	128865	1	2	2	1	0
38702	625	7	0	0	129161	0	129161	1	2	2	1	0
33135	625	7	0	0	136976	0	136976	1	2	2	1	0
27564	625	7	0	0	133319	0	133319	1	2	2	1	0
21959	625	7	0	0	131318	0	131318	1	2	2	1	0
16393	625	7	0	0	133568	0	133568	1	2	2	1	0
10830	625	7	0	0	140588	0	140588	1	2	2	1	0
5222	625	6	0	0	119301	0	0	1	0	2	1	0
44678	534	6	0	0	11896	0	131197	1	2	2	1	0
44317	534	7	0	0	129442	0	129442	1	2	2	1	0
38781	534	7	0	0	132173	0	132173	1	2	2	1	0
33132	534	7	0	0	131083	0	131083	1	2	2	1	0
27571	534	7	0	0	129912	0	129912	1	2	2	1	0
22005	534	7	0	0	125510	0	125511	1	2	2	1	0
16451	534	7	0	0	127558	0	127558	1	2	2	1	0
10910	534	7	0	0	130065	0	130065	1	2	2	1	0
5227	534	7	0	0	117198	2717	0	1	0	2	1	0
44695	609	8	0	0	6372	0	126287	1	1	2	1	0
44329	609	7	0	0	278469	0	278469	1	2	2	1	0
38806	609	7	0	0	123790	0	123791	1	2	2	1	0
33221	609	7	0	0	134420	0	134420	1	2	2	1	0
27662	609	6	0	0	131590	0	131590	1	2	2	1	0
22031	609	6	0	0	123853	0	123853	1	2	2	1	0
16451	609	6	0	0	135244	0	135245	1	2	2	1	0
10837	609	6	0	0	130650	0	130650	1	2	2	1	0
5195	609	6	0	0	119920	0	0	1	0	2	1	0
44569	689	6	0	0	7621	0	127542	1	2	2	1	0
44218	689	7	0	0	130593	0	130593	1	2	2	1	0
38678	689	7	0	0	132435	0	132435	1	2	2	1	0
33077	689	7	0	0	130766	0	130766	1	2	2	1	0
27479	689	7	0	0	124985	0	124985	1	2	2	1	0
21900	689	7	0	0	131024	0	131024	1	2	2	1	0
16297	689	7	0	0	137986	0	137986	1	2	2	1	0
10764	689	7	0	0	134254	0	134254	1	2	2	1	0
5233	689	6	0	0	119485	0	0	1	0	2	1	0
44585	694	6	0	0	10225	0	129712	1	2	2	1	0
44242	694	7	0	0	128807	0	128807	1	2	2	1	0
38706	694	7	0	0	127000	0	127000	1	2	2	1	0
33142	694	7	0	0	128229	0	128230	1	2	2	1	0
27543	694	7	0	0	131091	0	131092	1	2	2	1	0
22050	694	7	0	0	128853	0	128853	1	2	2	1	0
16458	694	7	0	0	117277	0	117277	1	2	2	1	0
10889	694	7	0	0	132392	0	132393	1	2	2	1	0
5271	694	7	0	0	124518	2560	0	1	0	2	1	0
44600	679	8	0	0	6954	0	134032	1	1	2	1	0
44252	679	7	0	0	210601	0	210601	1	2	2	1	0
38643	679	7	0	0	135727	0	135727	1	2	2	1	0
33074	679	6	0	0	130208	0	130208	1	2	2	1	0
27534	679	6	0	0	129394	0	129394	1	2	2	1	0
21948	679	6	0	0	133126	0	133126	1	2	2	1	0
16292	679	6	0	0	126938	0	126938	1	2	2	1	0
10773	679	6	0	0	134437	0	134437	1	2	2	1	0
5188	679	6	0	0	124700	0	0	1	0	2	1	0
44468	879	6	1	521	2616	0	127316	1	2	2	1	0
43956	879	7	1	8182	110292	0	110293	1	2	2	1	0
35774	879	7	1	3853	59571	0	59571	1	2	2	1	0
31921	879	7	1	286	7423	0	7424	1	2	2	1	0
31635	879	7	1	136	3594	0	3594	1	2	2	1	0
31499	879	7	1	8103	94925	0	94925	1	2	2	1	0
23396	879	7	1	8188	101929	0	101930	1	2	2	1	0
15208	879	7	1	7834	96217	0	96217	1	2	2	1	0
7374	879	7	1	7374	85049	8381	0	1	0	2	1	0
44526	718	8	0	0	6276	0	99706	1	1	2	1	0
44174	718	7	0	0	186533	0	186533	1	2	2	1	0
38543	718	7	0	0	132908	0	132909	1	2	2	1	0
32964	718	7	0	0	126373	0	126373	1	2	2	1	0
27413	718	7	0	0	137804	0	137804	1	2	2	1	0
21775	718	7	0	0	126787	0	126787	1	2	2	1	0
16236	718	7	0	0	122684	0	122684	1	2	2	1	0
10722	718	6	0	0	130161	0	130162	1	2	2	1	0
5171	718	6	0	0	122629	0	0	1	0	2	1	0
44237	759	6	0	0	6374	0	129005	1	2	2	1	0
43882	759	7	0	0	123094	0	123094	1	2	2	1	0
38313	759	7	0	0	120261	0	120262	1	2	2	1	0
32811	759	7	0	0	128118	0	128119	1	2	2	1	0
27346	759	7	0	0	129947	0	129947	1	2	2	1	0
21828	759	7	0	0	129331	0	129331	1	2	2	1	0
16352	759	7	0	0	132041	0	132042	1	2	2	1	0
10829	759	7	0	0	129998	0	129998	1	2	2	1	0
5221	759	7	0	0	132607	6162	0	1	0	2	1	0
44290	452	8	0	0	4982	0	143751	1	1	2	1	0
43950	452	7	0	0	181796	0	181796	1	2	2	1	0
38388	452	7	0	0	133724	0	133724	1	2	2	1	0
32862	452	6	0	0	126579	0	126579	1	2	2	1	0
27288	452	6	0	0	124435	0	124435	1	2	2	1	0
21736	452	6	0	0	125417	0	125417	1	2	2	1	0
16191	452	6	0	0	119828	0	119828	1	2	2	1	0
10662	452	6	0	0	124615	0	124615	1	2	2	1	0
5202	452	6	0	0	120400	0	0	1	0	2	1	0
44096	539	6	0	0	7272	0	127672	1	2	2	1	0
43753	539	7	0	0	129140	0	129140	1	2	2	1	0
38290	539	7	0	0	131000	0	131000	1	2	2	1	0
32734	539	7	0	0	133367	0	133367	1	2	2	1	0
27197	539	7	0	0	122791	0	122791	1	2	2	1	0
21703	539	7	0	0	133963	0	133963	1	2	2	1	0
16111	539	7	0	0	129645	0	129645	1	2	2	1	0
10632	539	6	0	0	127814	0	127814	1	2	2	1	0
5120	539	6	0	0	118184	0	0	1	0	2	1	0
44125	501	6	0	0	7417	0	125602	1	2	2	1	0
43763	501	7	0	0	117709	0	117710	1	2	2	1	0
38273	501	7	0	0	120832	0	120832	1	2	2	1	0
32762	501	7	0	0	125346	0	125346	1	2	2	1	0
27241	501	7	0	0	129980	0	129980	1	2	2	1	0
21746	501	7	0	0	132698	0	132698	1	2	2	1	0
16187	501	7	0	0	125962	0	125962	1	2	2	1	0
10691	501	7	0	0	125374	0	125375	1	2	2	1	0
5180	501	7	0	0	115127	1930	0	1	0	2	1	0
44143	531	8	0	0	4914	0	121973	1	1	2	1	0
43791	531	7	0	0	243464	0	243465	1	2	2	1	0
38216	531	7	0	0	130027	0	130028	1	2	2	1	0
32696	531	6	0	0	128197	0	128198	1	2	2	1	0
27192	531	6	0	0	125194	0	125195	1	2	2	1	0
21681	531	6	0	0	133136	0	133137	1	2	2	1	0
16126	531	6	0	0	132628	0	132629	1	2	2	1	0
10651	531	6	0	0	129325	0	129325	1	2	2	1	0
5156	531	6	0	0	121455	0	0	1	0	2	1	0
44048	567	6	0	0	6902	0	128358	1	2	2	1	0
43721	567	7	0	0	125921	0	125921	1	2	2	1	0
38214	567	7	0	0	122522	0	122522	1	2	2	1	0
32648	567	7	0	0	134879	0	134879	1	2	2	1	0
27083	567	7	0	0	129610	0	129610	1	2	2	1	0
21592	567	7	0	0	133737	0	133737	1	2	2	1	0
16042	567	7	0	0	136309	0	136309	1	2	2	1	0
10608	567	6	0	0	130121	0	130121	1	2	2	1	0
5114	567	6	0	0	114927	0	0	1	0	2	1	0
44065	565	6	0	0	9194	0	124121	1	2	2	1	0
43706	565	7	0	0	117510	0	117510	1	2	2	1	0
38281	565	7	0	0	119582	0	119582	1	2	2	1	0
32759	565	7	0	0	127645	0	127645	1	2	2	1	0
27312	565	7	0	0	132985	0	132985	1	2	2	1	0
21821	565	7	0	0	134914	0	134914	1	2	2	1	0
16268	565	7	0	0	135230	0	135231	1	2	2	1	0
10750	565	7	0	0	134647	0	134648	1	2	2	1	0
5238	565	7	0	0	124335	2284	0	1	0	2	1	0
44075	558	8	0	0	8995	0	135614	1	1	2	1	0
43734	558	6	0	0	224990	0	224990	1	2	2	1	0
38236	558	5	0	0	133613	0	133613	1	2	2	1	0
32760	558	5	0	0	134096	0	134096	1	2	2	1	0
27206	558	5	0	0	127967	0	127967	1	2	2	1	0
21672	558	5	0	0	119439	0	119439	1	2	2	1	0
16178	558	5	0	0	127156	0	127157	1	2	2	1	0
10621	558	5	0	0	126834	0	126835	1	2	2	1	0
5087	558	5	0	0	119002	0	0	1	0	2	1	0
44020	669	5	0	0	10633	0	129636	1	2	2	1	0
43671	669	6	0	0	134223	0	134223	1	2	2	1	0
38159	669	6	0	0	126159	0	126159	1	2	2	1	0
32657	669	6	0	0	125552	0	125553	1	2	2	1	0
27181	669	6	0	0	131755	0	131755	1	2	2	1	0
21674	669	6	0	0	143218	0	143218	1	2	2	1	0
16121	669	5	0	0	129185	0	129185	1	2	2	1	0
10621	669	5	0	0	133336	0	133336	1	2	2	1	0
5181	669	5	0	0	125285	0	0	1	0	2	1	0
44061	664	5	0	0	10870	0	136155	1	2	2	1	0
43729	664	6	0	0	129310	0	129310	1	2	2	1	0
38200	664	6	0	0	127048	0	127048	1	2	2	1	0
32652	664	6	0	0	126864	0	126864	1	2	2	1	0
27182	664	6	0	0	125992	0	125992	1	2	2	1	0
21729	664	6	0	0	135936	0	135936	1	2	2	1	0
16175	664	6	0	0	135478	0	135478	1	2	2	1	0
10603	664	6	0	0	120435	0	120435	1	2	2	1	0
5148	664	6	0	0	115293	0	0	1	0	2	1	0
44068	632	6	0	0	7935	0	123228	1	2	2	1	0
43735	632	7	0	0	127928	0	127928	1	2	2	1	0
38207	632	6	0	0	125822	0	125822	1	2	2	1	0
32719	632	6	0	0	126103	0	126103	1	2	2	1	0
27204	632	6	0	0	129366	0	129366	1	2	2	1	0
21695	632	6	0	0	125614	0	125614	1	2	2	1	0
16144	632	6	0	0	122022	0	122023	1	2	2	1	0
10700	632	6	0	0	124381	0	124381	1	2	2	1	0
5210	632	6	0	0	121275	0	0	1	0	2	1	0
44071	656	6	0	0	5790	0	127065	1	2	2	1	0
43741	656	7	0	0	136475	0	136475	1	2	2	1	0
38189	656	7	0	0	129452	0	129453	1	2	2	1	0
32645	656	7	0	0	127839	0	127839	1	2	2	1	0
27087	656	7	0	0	132678	0	132679	1	2	2	1	0
21606	656	7	0	0	120949	0	120949	1	2	2	1	0
16180	656	6	0	0	125496	0	125497	1	2	2	1	0
10688	656	6	0	0	131717	0	131717	1	2	2	1	0
5120	656	6	0	0	124492	0	0	1	0	2	1	0
44073	667	6	0	0	7752	0	132245	1	2	2	1	0
43734	667	7	0	0	127753	0	127753	1	2	2	1	0
38207	667	7	0	0	128837	0	128838	1	2	2	1	0
32737	667	7	0	0	127921	0	127921	1	2	2	1	0
27266	667	7	0	0	128646	0	128646	1	2	2	1	0
21684	667	7	0	0	130947	0	130947	1	2	2	1	0
16159	667	7	0	0	132634	0	132634	1	2	2	1	0
10657	667	7	0	0	129635	0	129635	1	2	2	1	0
5169	667	7	0	0	126017	3365	0	1	0	2	1	0
44077	674	8	0	0	6685	0	136067	1	1	2	1	0
43732	674	7	0	0	190472	0	190472	1	2	2	1	0
38194	674	6	0	0	136954	0	136954	1	2	2	1	0
32660	674	6	0	0	134168	0	134168	1	2	2	1	0
27161	674	6	0	0	131578	0	131579	1	2	2	1	0
21625	674	6	0	0	125618	0	125618	1	2	2	1	0
16079	674	6	0	0	122623	0	122623	1	2	2	1	0
10625	674	6	0	0	116667	0	116667	1	2	2	1	0
5127	674	6	0	0	117940	0	0	1	0	2	1	0
43103	885	6	1	9	955	0	118896	1	2	2	1	0
43103	885	7	1	3976	41238	0	41238	1	2	2	1	0
39127	885	7	1	8185	91299	0	91300	1	2	2	1	0
30942	885	7	1	7891	80001	0	80003	1	2	2	1	0
23051	885	7	1	8185	81597	0	81598	1	2	2	1	0
14866	885	7	1	90	13129	0	13129	1	2	2	1	0
14776	885	7	1	416	4068	0	4068	1	2	2	1	0
14359	885	7	1	7192	78213	0	78213	1	2	2	1	0
7167	885	7	1	7167	21938	43960	0	1	0	2	1	0
43882	742	8	0	0	6054	0	71953	1	1	2	1	0
43535	742	7	0	0	184438	0	184438	1	2	2	1	0
38044	742	7	0	0	132869	0	132869	1	2	2	1	0
32626	742	7	0	0	125619	0	125619	1	2	2	1	0
27087	742	7	0	0	125178	0	125178	1	2	2	1	0
21596	742	7	0	0	125417	0	125417	1	2	2	1	0
16135	742	6	0	0	121406	0	121406	1	2	2	1	0
10653	742	6	0	0	126227	0	126227	1	2	2	1	0
5145	742	6	0	0	116250	0	0	1	0	2	1	0
43587	492	6	0	0	6237	0	122487	1	2	2	1	0
43254	492	7	0	0	119127	0	119127	1	2	2	1	0
37762	492	7	0	0	113986	0	113986	1	2	2	1	0
32315	492	7	0	0	126252	0	126252	1	2	2	1	0
26892	492	7	0	0	124735	0	124735	1	2	2	1	0
21476	492	7	0	0	132172	0	132172	1	2	2	1	0
16030	492	7	0	0	120958	0	120958	1	2	2	1	0
10573	492	7	0	0	126828	0	126828	1	2	2	1	0
5058	492	7	0	0	110964	2879	0	1	0	2	1	0
43588	496	8	0	0	6251	0	120095	1	1	2	1	0
43257	496	7	0	0	184297	0	184297	1	2	2	1	0
37780	496	6	0	0	121083	0	121084	1	2	2	1	0
32362	496	6	0	0	122788	0	122789	1	2	2	1	0
26978	496	6	0	0	124181	0	124182	1	2	2	1	0
21497	496	6	0	0	127764	0	127764	1	2	2	1	0
16024	496	6	0	0	128151	0	128151	1	2	2	1	0
10556	496	6	0	0	122951	0	122952	1	2	2	1	0
5103	496	6	0	0	121038	0	0	1	0	2	1	0
43457	535	6	0	0	6556	0	127595	1	2	2	1	0
43121	535	7	0	0	134686	0	134686	1	2	2	1	0
37698	535	7	0	0	125340	0	125340	1	2	2	1	0
32314	535	7	0	0	125428	0	125428	1	2	2	1	0
26849	535	7	0	0	134522	0	134522	1	2	2	1	0
21408	535	7	0	0	131650	0	131650	1	2	2	1	0
15918	535	6	0	0	122519	0	122519	1	2	2	1	0
10461	535	6	0	0	125640	0	125640	1	2	2	1	0
5074	535	6	0	0	114955	0	0	1	0	2	1	0
43460	513	6	0	0	6006	0	120963	1	2	2	1	0
43131	513	7	0	0	123156	0	123156	1	2	2	1	0
37644	513	7	0	0	130517	0	130517	1	2	2	1	0
32171	513	7	0	0	126875	0	126875	1	2	2	1	0
26777	513	7	0	0	119861	0	119861	1	2	2	1	0
21398	513	7	0	0	124146	0	124146	1	2	2	1	0
16006	513	7	0	0	128444	0	128445	1	2	2	1	0
10569	513	7	0	0	121794	0	121794	1	2	2	1	0
5149	513	7	0	0	118439	2819	0	1	0	2	1	0
43463	500	8	0	0	5979	0	127237	1	1	2	1	0
43109	500	7	0	0	206509	0	206510	1	2	2	1	0
37634	500	6	0	0	121886	0	121886	1	2	2	1	0
32215	500	6	0	0	127127	0	127127	1	2	2	1	0
26776	500	6	0	0	126385	0	126385	1	2	2	1	0
21349	500	6	0	0	123870	0	123870	1	2	2	1	0
15982	500	6	0	0	123543	0	123543	1	2	2	1	0
10549	500	6	0	0	127807	0	127807	1	2	2	1	0
5087	500	6	0	0	120252	0	0	1	0	2	1	0
43397	572	6	0	0	6864	0	127117	1	2	2	1	0
43075	572	7	0	0	134989	0	134989	1	2	2	1	0
37571	572	7	0	0	130850	0	130850	1	2	2	1	0
32060	572	7	0	0	121421	0	121421	1	2	2	1	0
26700	572	7	0	0	124295	0	124295	1	2	2	1	0
21297	572	7	0	0	126056	0	126056	1	2	2	1	0
15878	572	6	0	0	123776	0	123776	1	2	2	1	0
10502	572	6	0	0	122389	0	122389	1	2	2	1	0
5116	572	6	0	0	121509	0	0	1	0	2	1	0
43414	602	6	0	0	5082	0	126591	1	2	2	1	0
43097	602	7	0	0	135467	0	135467	1	2	2	1	0
37593	602	7	0	0	129893	0	129893	1	2	2	1	0
32209	602	7	0	0	128071	0	128071	1	2	2	1	0
26749	602	7	0	0	132508	0	132509	1	2	2	1	0
21363	602	7	0	0	123555	0	123556	1	2	2	1	0
16013	602	7	0	0	123434	0	123434	1	2	2	1	0
10583	602	7	0	0	116123	0	116124	1	2	2	1	0
5136	602	7	0	0	115628	4700	0	1	0	2	1	0
43450	601	8	0	0	6091	0	126420	1	1	2	1	0
43106	601	7	0	0	168859	0	168859	1	2	2	1	0
37736	601	6	0	0	123699	0	123699	1	2	2	1	0
32259	601	6	0	0	128100	0	128100	1	2	2	1	0
26864	601	6	0	0	131480	0	131480	1	2	2	1	0
21421	601	6	0	0	124806	0	124806	1	2	2	1	0
15960	601	6	0	0	130175	0	130175	1	2	2	1	0
10526	601	6	0	0	121774	0	121774	1	2	2	1	0
5089	601	6	0	0	129285	0	0	1	0	2	1	0
43388	650	6	0	0	5128	0	134413	1	2	2	1	0
43056	650	7	0	0	128803	0	128804	1	2	2	1	0
37642	650	7	0	0	131218	0	131219	1	2	2	1	0
32182	650	7	0	0	131565	0	131566	1	2	2	1	0
26741	650	7	0	0	128550	0	128550	1	2	2	1	0
21306	650	7	0	0	129031	0	129031	1	2	2	1	0
15908	650	6	0	0	116624	0	116624	1	2	2	1	0
10483	650	6	0	0	120518	0	120518	1	2	2	1	0
5005	650	6	0	0	111250	0	0	1	0	2	1	0
43397	645	6	0	0	9639	0	120890	1	2	2	1	0
43073	645	7	0	0	118381	0	118381	1	2	2	1	0
37705	645	7	0	0	122870	0	122871	1	2	2	1	0
32239	645	7	0	0	134066	0	134067	1	2	2	1	0
26788	645	7	0	0	124503	0	124503	1	2	2	1	0
21363	645	7	0	0	132430	0	132430	1	2	2	1	0
15918	645	7	0	0	124722	0	124722	1	2	2	1	0
10544	645	7	0	0	132664	0	132664	1	2	2	1	0
5077	645	7	0	0	119976	2960	0	1	0	2	1	0
43414	668	8	0	0	5964	0	128902	1	1	2	1	0
43079	668	7	0	0	150196	0	150196	1	2	2	1	0
37709	668	6	0	0	128067	0	128067	1	2	2	1	0
32293	668	6	0	0	127068	0	127068	1	2	2	1	0
26870	668	6	0	0	122229	0	122230	1	2	2	1	0
21439	668	6	0	0	124995	0	124995	1	2	2	1	0
15977	668	6	0	0	123370	0	123370	1	2	2	1	0
10579	668	6	0	0	127463	0	127463	1	2	2	1	0
5141	668	6	0	0	118250	0	0	1	0	2	1	0
43319	698	6	0	0	9687	0	127938	1	2	2	1	0
42991	698	7	0	0	126708	0	126708	1	2	2	1	0
37572	698	7	0	0	126822	0	126822	1	2	2	1	0
32106	698	7	0	0	125211	0	125211	1	2	2	1	0
26750	698	7	0	0	115295	0	115295	1	2	2	1	0
21335	698	7	0	0	129189	0	129189	1	2	2	1	0
15922	698	6	0	0	123317	0	123318	1	2	2	1	0
10504	698	6	0	0	120598	0	120598	1	2	2	1	0
5036	698	6	0	0	115280	0	0	1	0	2	1	0
43353	702	6	0	0	6475	0	121756	1	2	2	1	0
42997	702	7	0	0	127683	0	127683	1	2	2	1	0
37617	702	7	0	0	126967	0	126967	1	2	2	1	0
32194	702	7	0	0	118748	0	118748	1	2	2	1	0
26808	702	7	0	0	120368	0	120368	1	2	2	1	0
21415	702	7	0	0	127698	0	127698	1	2	2	1	0
15977	702	7	0	0	119311	0	119311	1	2	2	1	0
10484	702	7	0	0	131416	0	131416	1	2	2	1	0
5068	702	7	0	0	115987	2711	0	1	0	2	1	0
43386	704	8	0	0	4655	0	123355	1	1	2	1	0
43050	704	7	0	0	185045	0	185045	1	2	2	1	0
37656	704	6	0	0	126349	0	126350	1	2	2	1	0
32202	704	6	0	0	127224	0	127224	1	2	2	1	0
26755	704	6	0	0	128250	0	128251	1	2	2	1	0
21382	704	6	0	0	124424	0	124424	1	2	2	1	0
15915	704	6	0	0	128658	0	128658	1	2	2	1	0
10524	704	6	0	0	130501	0	130501	1	2	2	1	0
5100	704	6	0	0	115385	0	0	1	0	2	1	0
42385	879	6	1	9	56	0	115442	1	2	2	1	0
42385	879	7	1	2620	7408	0	7408	1	2	2	1	0
39765	879	7	1	8186	30740	0	30740	1	2	2	1	0
31578	879	7	1	8182	77961	0	77961	1	2	2	1	0
23396	879	7	1	8185	52790	0	52791	1	2	2	1	0
15211	879	7	1	1154	51398	0	51398	1	2	2	1	0
14057	879	7	1	0	8696	0	8696	1	2	2	1	0
14057	879	7	1	6880	14649	0	14650	1	2	2	1	0
7177	879	7	1	7177	55215	43405	0	1	0	2	1	0
43052	444	8	0	0	6861	0	105482	1	1	2	1	0
42707	444	7	0	0	187955	0	187956	1	2	2	1	0
37312	444	7	0	0	128404	0	128404	1	2	2	1	0
31859	444	7	0	0	127865	0	127865	1	2	2	1	0
26496	444	7	0	0	123233	0	123233	1	2	2	1	0
21142	444	7	0	0	128803	0	128803	1	2	2	1	0
15773	444	6	0	0	122958	0	122959	1	2	2	1	0
10420	444	6	0	0	120079	0	120079	1	2	2	1	0
5034	444	6	0	0	114114	0	0	1	0	2	1	0
42915	499	6	0	0	6162	0	120277	1	2	2	1	0
42592	499	7	0	0	124285	0	124285	1	2	2	1	0
37232	499	7	0	0	114961	0	114961	1	2	2	1	0
31893	499	7	0	0	129461	0	129461	1	2	2	1	0
26506	499	7	0	0	127764	0	127764	1	2	2	1	0
21175	499	7	0	0	124011	0	124011	1	2	2	1	0
15827	499	7	0	0	117584	0	117584	1	2	2	1	0
10391	499	7	0	0	124893	0	124893	1	2	2	1	0
4968	499	7	0	0	113750	2656	0	1	0	2	1	0
42929	456	8	0	0	5576	0	121983	1	1	2	1	0
42595	456	7	0	0	174019	0	174020	1	2	2	1	0
37274	456	7	0	0	129451	0	129451	1	2	2	1	0
31886	456	6	0	0	133525	0	133526	1	2	2	1	0
26475	456	6	0	0	122225	0	122226	1	2	2	1	0
21051	456	6	0	0	125726	0	125727	1	2	2	1	0
15640	456	6	0	0	127061	0	127061	1	2	2	1	0
10340	456	6	0	0	123241	0	123241	1	2	2	1	0
4992	456	6	0	0	122560	0	0	1	0	2	1	0
42787	552	6	0	0	6617	0	129177	1	2	2	1	0
42451	552	7	0	0	124074	0	124074	1	2	2	1	0
37080	552	7	0	0	121420	0	121421	1	2	2	1	0
31718	552	7	0	0	122434	0	122434	1	2	2	1	0
26378	552	7	0	0	122219	0	122219	1	2	2	1	0
21035	552	7	0	0	118964	0	118964	1	2	2	1	0
15683	552	7	0	0	124733	0	124734	1	2	2	1	0
10349	552	6	0	0	124940	0	124940	1	2	2	1	0
4997	552	6	0	0	108873	0	0	1	0	2	1	0
42828	566	6	0	0	8904	0	117778	1	2	2	1	0
42496	566	7	0	0	124118	0	124119	1	2	2	1	0
37104	566	7	0	0	125080	0	125081	1	2	2	1	0
31775	566	7	0	0	123563	0	123563	1	2	2	1	0
26455	566	7	0	0	120021	0	120021	1	2	2	1	0
21049	566	7	0	0	123200	0	123200	1	2	2	1	0
15712	566	7	0	0	113677	0	113677	1	2	2	1	0
10395	566	7	0	0	122091	0	122092	1	2	2	1	0
5053	566	7	0	0	119617	6179	0	1	0	2	1	0
42843	547	8	0	0	5804	0	131602	1	1	2	1	0
42489	547	7	0	0	189813	0	189813	1	2	2	1	0
37103	547	7	0	0	130061	0	130062	1	2	2	1	0
31723	547	6	0	0	129018	0	129018	1	2	2	1	0
26383	547	6	0	0	125103	0	125104	1	2	2	1	0
21030	547	6	0	0	120428	0	120429	1	2	2	1	0
15770	547	6	0	0	128113	0	128113	1	2	2	1	0
10409	547	6	0	0	125543	0	125543	1	2	2	1	0
5090	547	6	0	0	119696	0	0	1	0	2	1	0
42844	541	6	0	0	10462	0	130158	1	2	2	1	0
42517	541	7	0	0	116919	0	116919	1	2	2	1	0
37109	541	7	0	0	116340	0	116340	1	2	2	1	0
31723	541	7	0	0	124619	0	124619	1	2	2	1	0
26362	541	7	0	0	123827	0	123827	1	2	2	1	0
21063	541	7	0	0	120853	0	120853	1	2	2	1	0
15723	541	7	0	0	124570	0	124570	1	2	2	1	0
10369	541	6	0	0	117448	0	117448	1	2	2	1	0
5035	541	6	0	0	121071	0	0	1	0	2	1	0
42848	614	6	0	0	7443	0	128515	1	2	2	1	0
42536	614	7	0	0	130303	0	130303	1	2	2	1	0
37201	614	7	0	0	124270	0	124271	1	2	2	1	0
31878	614	7	0	0	116322	0	116322	1	2	2	1	0
26550	614	7	0	0	122994	0	122994	1	2	2	1	0
21180	614	7	0	0	129880	0	129880	1	2	2	1	0
15756	614	7	0	0	116426	0	116426	1	2	2	1	0
10448	614	7	0	0	123034	0	123034	1	2	2	1	0
5042	614	7	0	0	112034	2678	0	1	0	2	1	0
42857	620	8	0	0	4915	0	119629	1	1	2	1	0
42515	620	7	0	0	191813	0	191814	1	2	2	1	0
37164	620	7	0	0	124742	0	124742	1	2	2	1	0
31882	620	6	0	0	124766	0	124767	1	2	2	1	0
26502	620	6	0	0	124788	0	124788	1	2	2	1	0
21093	620	6	0	0	123480	0	123481	1	2	2	1	0
15758	620	6	0	0	116802	0	116802	1	2	2	1	0
10413	620	6	0	0	119724	0	119724	1	2	2	1	0
5033	620	6	0	0	116441	0	0	1	0	2	1	0
42740	719	6	0	0	7579	0	124021	1	2	2	1	0
42416	719	7	0	0	118091	0	118091	1	2	2	1	0
37069	719	7	0	0	125717	0	125717	1	2	2	1	0
31716	719	7	0	0	124841	0	124841	1	2	2	1	0
26365	719	7	0	0	124545	0	124545	1	2	2	1	0
21038	719	7	0	0	119487	0	119487	1	2	2	1	0
15688	719	7	0	0	125075	0	125075	1	2	2	1	0
10357	719	7	0	0	124278	0	124278	1	2	2	1	0
5026	719	6	0	0	124314	0	0	1	0	2	1	0
42751	713	6	0	0	8158	0	132473	1	2	2	1	0
42416	713	7	0	0	121521	0	121521	1	2	2	1	0
37084	713	7	0	0	121803	0	121804	1	2	2	1	0
31779	713	7	0	0	119624	0	119624	1	2	2	1	0
26507	713	7	0	0	124856	0	124856	1	2	2	1	0
21100	713	7	0	0	125998	0	125998	1	2	2	1	0
15743	713	7	0	0	121810	0	121811	1	2	2	1	0
10384	713	7	0	0	128655	0	128655	1	2	2	1	0
4994	713	7	0	0	117684	2052	0	1	0	2	1	0
42762	687	8	0	0	5488	0	125224	1	1	2	1	0
42446	687	7	0	0	185480	0	185482	1	2	2	1	0
37109	687	7	0	0	125042	0	125042	1	2	2	1	0
31754	687	7	0	0	133030	0	133030	1	2	2	1	0
26406	687	6	0	0	119384	0	119384	1	2	2	1	0
21058	687	6	0	0	120732	0	120732	1	2	2	1	0
15715	687	6	0	0	129600	0	129600	1	2	2	1	0
10346	687	6	0	0	126760	0	126760	1	2	2	1	0
4993	687	6	0	0	118451	0	0	1	0	2	1	0
42622	725	6	0	0	10246	0	128698	1	2	2	1	0
42270	725	7	0	0	121167	0	121168	1	2	2	1	0
36943	725	7	0	0	122031	0	122031	1	2	2	1	0
31642	725	7	0	0	124423	0	124423	1	2	2	1	0
26261	725	7	0	0	123830	0	123830	1	2	2	1	0
20921	725	7	0	0	123360	0	123360	1	2	2	1	0
15556	725	7	0	0	117177	0	117177	1	2	2	1	0
10279	725	7	0	0	131301	0	131301	1	2	2	1	0
4979	725	6	0	0	118234	0	0	1	0	2	1	0
42696	728	6	0	0	7312	0	125547	1	2	2	1	0
42349	728	7	0	0	126949	0	126949	1	2	2	1	0
37060	728	7	0	0	119153	0	119154	1	2	2	1	0
31699	728	7	0	0	121939	0	121940	1	2	2	1	0
26350	728	7	0	0	120324	0	120325	1	2	2	1	0
21033	728	7	0	0	119351	0	119351	1	2	2	1	0
15709	728	7	0	0	123948	0	123948	1	2	2	1	0
10317	728	7	0	0	119172	0	119172	1	2	2	1	0
4979	728	7	0	0	114146	2314	0	1	0	2	1	0
42697	721	8	0	0	5827	0	122287	1	1	2	1	0
42364	721	7	0	0	186527	0	186529	1	2	2	1	0
37017	721	7	0	0	131550	0	131550	1	2	2	1	0
31618	721	7	0	0	129223	0	129225	1	2	2	1	0
26321	721	6	0	0	127522	0	127522	1	2	2	1	0
20985	721	6	0	0	128066	0	128066	1	2	2	1	0
15641	721	6	0	0	129376	0	129376	1	2	2	1	0
10287	721	6	0	0	120580	0	120580	1	2	2	1	0
4963	721	6	0	0	118665	0	0	1	0	2	1	0
41978	885	6	1	8	83	0	118749	1	2	2	1	0
41977	885	7	1	1837	6141	0	6141	1	2	2	1	0
40140	885	7	1	8185	24444	0	24444	1	2	2	1	0
31955	885	7	1	8184	69096	0	69096	1	2	2	1	0
23771	885	7	1	8183	65250	0	65250	1	2	2	1	0
15588	885	7	1	1939	53492	0	53492	1	2	2	1	0
13649	885	7	1	0	13768	0	13768	1	2	2	1	0
13649	885	7	1	6340	13143	0	13144	1	2	2	1	0
7309	885	7	1	7309	56423	43535	0	1	0	2	1	0
42326	459	8	0	0	6756	0	106715	1	1	2	1	0
41987	459	7	0	0	180733	0	180733	1	2	2	1	0
36675	459	7	0	0	119535	0	119535	1	2	2	1	0
31359	459	7	0	0	124785	0	124785	1	2	2	1	0
26140	459	7	0	0	119351	0	119351	1	2	2	1	0
20868	459	7	0	0	114843	0	114843	1	2	2	1	0
15560	459	7	0	0	121130	0	121130	1	2	2	1	0
10232	459	7	0	0	119141	0	119141	1	2	2	1	0
4969	459	7	0	0	115917	0	0	1	0	2	1	0
42231	502	6	0	0	7037	0	122954	1	2	2	1	0
41907	502	7	0	0	121261	0	121261	1	2	2	1	0
36630	502	7	0	0	125705	0	125705	1	2	2	1	0
31309	502	7	0	0	119080	0	119081	1	2	2	1	0
26037	502	7	0	0	117541	0	117541	1	2	2	1	0
20736	502	7	0	0	117648	0	117649	1	2	2	1	0
15435	502	7	0	0	122111	0	122111	1	2	2	1	0
10171	502	7	0	0	118498	0	118499	1	2	2	1	0
4955	502	7	0	0	119910	5479	0	1	0	2	1	0
42276	507	8	0	0	5239	0	130638	1	1	2	1	0
41938	507	7	0	0	175548	0	175548	1	2	2	1	0
36654	507	7	0	0	126067	0	126067	1	2	2	1	0
31358	507	7	0	0	125173	0	125173	1	2	2	1	0
26072	507	7	0	0	123121	0	123121	1	2	2	1	0
20794	507	6	0	0	118497	0	118497	1	2	2	1	0
15561	507	6	0	0	118240	0	118240	1	2	2	1	0
10290	507	6	0	0	119197	0	119198	1	2	2	1	0
4994	507	6	0	0	117055	0	0	1	0	2	1	0
42192	555	6	0	0	6800	0	123855	1	2	2	1	0
41857	555	7	0	0	111715	0	111715	1	2	2	1	0
36592	555	7	0	0	122574	0	122575	1	2	2	1	0
31354	555	7	0	0	124437	0	124437	1	2	2	1	0
26106	555	7	0	0	121529	0	121530	1	2	2	1	0
20831	555	7	0	0	127575	0	127576	1	2	2	1	0
15593	555	7	0	0	121423	0	121425	1	2	2	1	0
10243	555	7	0	0	118967	0	118967	1	2	2	1	0
4999	555	7	0	0	121393	2731	0	1	0	2	1	0
42215	560	8	0	0	5165	0	129290	1	1	2	1	0
41885	560	7	0	0	164047	0	164047	1	2	2	1	0
36631	560	6	0	0	128580	0	128581	1	2	2	1	0
31345	560	6	0	0	124894	0	124894	1	2	2	1	0
26076	560	6	0	0	126580	0	126580	1	2	2	1	0
20743	560	6	0	0	121575	0	121575	1	2	2	1	0
15467	560	6	0	0	119101	0	119101	1	2	2	1	0
10222	560	6	0	0	117670	0	117670	1	2	2	1	0
4975	560	6	0	0	120373	0	0	1	0	2	1	0
42198	619	6	0	0	9668	0	130042	1	2	2	1	0
41881	619	7	0	0	118405	0	118405	1	2	2	1	0
36626	619	7	0	0	120692	0	120692	1	2	2	1	0
31272	619	7	0	0	123005	0	123005	1	2	2	1	0
25966	619	7	0	0	121356	0	121356	1	2	2	1	0
20750	619	7	0	0	127973	0	127973	1	2	2	1	0
15482	619	6	0	0	119773	0	119773	1	2	2	1	0
10184	619	6	0	0	125905	0	125905	1	2	2	1	0
4919	619	6	0	0	117801	0	0	1	0	2	1	0
42220	676	6	0	0	7982	0	125785	1	2	2	1	0
41876	676	7	0	0	121632	0	121633	1	2	2	1	0
36652	676	7	0	0	116263	0	116263	1	2	2	1	0
31383	676	7	0	0	117455	0	117455	1	2	2	1	0
26096	676	7	0	0	121695	0	121696	1	2	2	1	0
20825	676	7	0	0	124622	0	124622	1	2	2	1	0
15534	676	7	0	0	117631	0	117631	1	2	2	1	0
10273	676	7	0	0	120290	0	120291	1	2	2	1	0
5012	676	7	0	0	116197	3332	0	1	0	2	1	0
42231	655	8	0	0	6522	0	126053	1	1	2	1	0
41891	655	7	0	0	177816	0	177817	1	2	2	1	0
36615	655	6	0	0	114733	0	114733	1	2	2	1	0
31304	655	6	0	0	123818	0	123818	1	2	2	1	0
26013	655	6	0	0	118873	0	118873	1	2	2	1	0
20697	655	6	0	0	124379	0	124380	1	2	2	1	0
15426	655	6	0	0	125226	0	125226	1	2	2	1	0
10178	655	6	0	0	118801	0	118802	1	2	2	1	0
4877	655	6	0	0	119067	0	0	1	0	2	1	0
42020	736	6	0	0	7302	0	126369	1	2	2	1	0
41670	736	7	0	0	115560	0	115560	1	2	2	1	0
36455	736	7	0	0	123745	0	123745	1	2	2	1	0
31138	736	7	0	0	121867	0	121867	1	2	2	1	0
25887	736	7	0	0	118439	0	118440	1	2	2	1	0
20641	736	7	0	0	126298	0	126298	1	2	2	1	0
15322	736	7	0	0	124199	0	124199	1	2	2	1	0
10091	736	6	0	0	121573	0	121574	1	2	2	1	0
4899	736	6	0	0	113807	0	0	1	0	2	1	0
42091	739	6	0	0	5983	0	119790	1	2	2	1	0
41779	739	7	0	0	127935	0	127935	1	2	2	1	0
36532	739	7	0	0	116007	0	116007	1	2	2	1	0
31305	739	7	0	0	125462	0	125463	1	2	2	1	0
25978	739	7	0	0	122228	0	122229	1	2	2	1	0
20766	739	7	0	0	128767	0	128768	1	2	2	1	0
15488	739	7	0	0	123076	0	123076	1	2	2	1	0
10218	739	7	0	0	124809	0	124809	1	2	2	1	0
4921	739	7	0	0	116211	5987	0	1	0	2	1	0
42113	716	8	0	0	6527	0	128725	1	1	2	1	0
41771	716	7	0	0	189214	0	189214	1	2	2	1	0
36552	716	7	0	0	127287	0	127287	1	2	2	1	0
31264	716	6	0	0	120278	0	120278	1	2	2	1	0
25982	716	6	0	0	124303	0	124304	1	2	2	1	0
20747	716	6	0	0	113883	0	113883	1	2	2	1	0
15437	716	6	0	0	123741	0	123741	1	2	2	1	0
10170	716	6	0	0	114081	0	114081	1	2	2	1	0
4941	716	6	0	0	114741	0	0	1	0	2	1	0
41949	743	6	0	0	6788	0	121530	1	2	2	1	0
41606	743	7	0	0	118067	0	118068	1	2	2	1	0
36353	743	7	0	0	119861	0	119861	1	2	2	1	0
31089	743	7	0	0	125180	0	125180	1	2	2	1	0
25766	743	7	0	0	120032	0	120032	1	2	2	1	0
20521	743	7	0	0	127854	0	127854	1	2	2	1	0
15275	743	7	0	0	125694	0	125695	1	2	2	1	0
10018	743	7	0	0	120415	0	120415	1	2	2	1	0
4844	743	6	0	0	109763	0	0	1	0	2	1	0
41985	753	6	0	0	8213	0	117976	1	2	2	1	0
41662	753	7	0	0	120779	0	120780	1	2	2	1	0
36407	753	7	0	0	123490	0	123491	1	2	2	1	0
31172	753	7	0	0	119369	0	119369	1	2	2	1	0
25917	753	7	0	0	121696	0	121696	1	2	2	1	0
20670	753	7	0	0	123828	0	123828	1	2	2	1	0
15427	753	7	0	0	125686	0	125686	1	2	2	1	0
10159	753	7	0	0	116325	0	116325	1	2	2	1	0
4948	753	7	0	0	120570	1924	0	1	0	2	1	0
41999	755	8	0	0	4561	0	127056	1	1	2	1	0
41678	755	7	0	0	181390	0	181390	1	2	2	1	0
36429	755	7	0	0	128001	0	128002	1	2	2	1	0
31163	755	7	0	0	128470	0	128470	1	2	2	1	0
25965	755	6	0	0	116474	0	116474	1	2	2	1	0
20772	755	6	0	0	118998	0	118999	1	2	2	1	0
15491	755	6	0	0	119397	0	119397	1	2	2	1	0
10213	755	6	0	0	123772	0	123772	1	2	2	1	0
4932	755	6	0	0	112471	0	0	1	0	2	1	0
41702	461	6	0	0	6380	0	118852	1	2	2	1	0
41354	461	7	0	0	120145	0	120145	1	2	2	1	0
36110	461	7	0	0	117569	0	117570	1	2	2	1	0
30930	461	7	0	0	121657	0	121657	1	2	2	1	0
25780	461	7	0	0	118125	0	118125	1	2	2	1	0
20589	461	7	0	0	121502	0	121502	1	2	2	1	0
15380	461	7	0	0	116170	0	116170	1	2	2	1	0
10116	461	7	0	0	121331	0	121332	1	2	2	1	0
4951	461	7	0	0	109253	0	0	1	0	2	1	0
41705	489	6	0	0	9150	0	118404	1	2	2	1	0
41383	489	7	0	0	121140	0	121140	1	2	2	1	0
36221	489	7	0	0	125079	0	125079	1	2	2	1	0
30949	489	7	0	0	114604	0	114604	1	2	2	1	0
25732	489	7	0	0	117515	0	117515	1	2	2	1	0
20549	489	7	0	0	119798	0	119798	1	2	2	1	0
15317	489	7	0	0	113504	0	113504	1	2	2	1	0
10106	489	7	0	0	115629	0	115629	1	2	2	1	0
4884	489	7	0	0	109264	5256	0	1	0	2	1	0
41712	490	8	0	0	6417	0	120938	1	1	2	1	0
41373	490	7	0	0	198166	0	198166	1	2	2	1	0
36198	490	7	0	0	119780	0	119780	1	2	2	1	0
30979	490	7	0	0	119915	0	119915	1	2	2	1	0
25757	490	7	0	0	118189	0	118190	1	2	2	1	0
20490	490	6	0	0	118247	0	118247	1	2	2	1	0
15281	490	6	0	0	122912	0	122912	1	2	2	1	0
10112	490	6	0	0	115450	0	115450	1	2	2	1	0
4922	490	6	0	0	114163	0	0	1	0	2	1	0
37766	614	6	1	8	57	0	114220	1	2	2	1	0
37765	614	7	1	1302	4787	0	4787	1	2	2	1	0
36463	614	7	1	8184	19806	0	19806	1	2	2	1	0
28279	614	7	1	8185	91328	0	91328	1	2	2	1	0
20094	614	7	1	8182	46869	0	46869	1	2	2	1	0
11912	614	7	1	2474	55821	0	55821	1	2	2	1	0
9438	614	7	1	0	17651	0	17651	1	2	2	1	0
9438	614	7	1	2307	5683	0	5683	1	2	2	1	0
7131	614	7	1	7131	27303	44774	0	1	0	2	1	0
41609	549	8	0	0	6070	0	78148	1	1	2	1	0
41277	549	7	0	0	179231	0	179232	1	2	2	1	0
36136	549	7	0	0	120711	0	120712	1	2	2	1	0
30937	549	7	0	0	128842	0	128843	1	2	2	1	0
25749	549	7	0	0	120644	0	120644	1	2	2	1	0
20523	549	7	0	0	115059	0	115059	1	2	2	1	0
15318	549	7	0	0	125608	0	125608	1	2	2	1	0
10088	549	7	0	0	123130	0	123130	1	2	2	1	0
4886	549	7	0	0	116589	2621	0	1	0	2	1	0
41593	583	8	0	0	4278	0	123498	1	1	2	1	0
41285	583	7	0	0	170272	0	170273	1	2	2	1	0
36075	583	6	0	0	121413	0	121413	1	2	2	1	0
30904	583	6	0	0	124434	0	124435	1	2	2	1	0
25683	583	6	0	0	117846	0	117847	1	2	2	1	0
20497	583	6	0	0	118290	0	118291	1	2	2	1	0
15261	583	6	0	0	129090	0	129091	1	2	2	1	0
10035	583	6	0	0	123686	0	123687	1	2	2	1	0
4884	583	6	0	0	112784	0	0	1	0	2	1	0
41585	690	6	0	0	10012	0	122797	1	2	2	1	0
41264	690	7	0	0	121991	0	121991	1	2	2	1	0
36075	690	7	0	0	122052	0	122052	1	2	2	1	0
30878	690	7	0	0	117802	0	117803	1	2	2	1	0
25652	690	7	0	0	125168	0	125168	1	2	2	1	0
20420	690	7	0	0	129506	0	129506	1	2	2	1	0
15225	690	6	0	0	110383	0	110383	1	2	2	1	0
10024	690	6	0	0	118570	0	118570	1	2	2	1	0
4837	690	6	0	0	104902	0	0	1	0	2	1	0
41598	680	6	0	0	5896	0	110799	1	2	2	1	0
41273	680	7	0	0	129056	0	129056	1	2	2	1	0
36057	680	7	0	0	117401	0	117401	1	2	2	1	0
30818	680	7	0	0	120985	0	120985	1	2	2	1	0
25682	680	7	0	0	125002	0	125002	1	2	2	1	0
20467	680	7	0	0	122888	0	122888	1	2	2	1	0
15157	680	7	0	0	117708	0	117710	1	2	2	1	0
10014	680	7	0	0	116668	0	116668	1	2	2	1	0
4837	680	7	0	0	110171	2979	0	1	0	2	1	0
41603	697	8	0	0	8067	0	121217	1	1	2	1	0
41278	697	7	0	0	221031	0	221031	1	2	2	1	0
36079	697	7	0	0	127086	0	127086	1	2	2	1	0
30828	697	6	0	0	124673	0	124673	1	2	2	1	0
25682	697	6	0	0	119518	0	119519	1	2	2	1	0
20439	697	6	0	0	121784	0	121785	1	2	2	1	0
15273	697	6	0	0	123402	0	123402	1	2	2	1	0
10137	697	6	0	0	121160	0	121160	1	2	2	1	0
4911	697	6	0	0	114963	0	0	1	0	2	1	0
41153	455	6	0	0	6328	0	121292	1	2	2	1	0
40826	455	7	0	0	122101	0	122101	1	2	2	1	0
35705	455	7	0	0	113494	0	113495	1	2	2	1	0
30548	455	7	0	0	119336	0	119336	1	2	2	1	0
25389	455	7	0	0	115820	0	115821	1	2	2	1	0
20272	455	7	0	0	113701	0	113701	1	2	2	1	0
15089	455	7	0	0	117616	0	117616	1	2	2	1	0
9951	455	7	0	0	115988	0	115988	1	2	2	1	0
4832	455	6	0	0	110483	0	0	1	0	2	1	0
41251	449	6	0	0	6560	0	117045	1	2	2	1	0
40944	449	7	0	0	112573	0	112573	1	2	2	1	0
35817	449	7	0	0	113663	0	113663	1	2	2	1	0
30684	449	7	0	0	117975	0	117975	1	2	2	1	0
25539	449	7	0	0	122028	0	122029	1	2	2	1	0
20383	449	7	0	0	123610	0	123610	1	2	2	1	0
15122	449	7	0	0	117070	0	117070	1	2	2	1	0
10022	449	7	0	0	117206	0	117206	1	2	2	1	0
4831	449	7	0	0	116537	2541	0	1	0	2	1	0
41259	450	8	0	0	4567	0	123645	1	1	2	1	0
40943	450	7	0	0	154786	0	154786	1	2	2	1	0
35836	450	7	0	0	116538	0	116538	1	2	2	1	0
30666	450	7	0	0	125213	0	125213	1	2	2	1	0
25500	450	6	0	0	113855	0	113856	1	2	2	1	0
20288	450	6	0	0	117368	0	117368	1	2	2	1	0
15081	450	6	0	0	117422	0	117422	1	2	2	1	0
9935	450	6	0	0	113391	0	113391	1	2	2	1	0
4797	450	6	0	0	106547	0	0	1	0	2	1	0
41079	491	6	0	0	7261	0	113809	1	2	2	1	0
40763	491	7	0	0	115717	0	115717	1	2	2	1	0
35686	491	7	0	0	116638	0	116638	1	2	2	1	0
30572	491	7	0	0	116930	0	116930	1	2	2	1	0
25431	491	7	0	0	119464	0	119464	1	2	2	1	0
20270	491	7	0	0	120954	0	120954	1	2	2	1	0
15068	491	7	0	0	116074	0	116074	1	2	2	1	0
9946	491	7	0	0	117982	0	117982	1	2	2	1	0
4846	491	7	0	0	109044	0	0	1	0	2	1	0
41093	472	6	0	0	6058	0	115102	1	2	2	1	0
40782	472	7	0	0	113693	0	113693	1	2	2	1	0
35639	472	7	0	0	115310	0	115310	1	2	2	1	0
30488	472	7	0	0	118246	0	118246	1	2	2	1	0
25304	472	7	0	0	120022	0	120022	1	2	2	1	0
20188	472	7	0	0	114863	0	114863	1	2	2	1	0
15032	472	7	0	0	122290	0	122290	1	2	2	1	0
9881	472	7	0	0	119326	0	119326	1	2	2	1	0
4778	472	7	0	0	106289	2539	0	1	0	2	1	0
41096	478	8	0	0	4433	0	113261	1	1	2	1	0
40802	478	7	0	0	189570	0	189570	1	2	2	1	0
35690	478	7	0	0	124468	0	124469	1	2	2	1	0
30477	478	7	0	0	119103	0	119103	1	2	2	1	0
25334	478	7	0	0	115709	0	115709	1	2	2	1	0
20183	478	7	0	0	119807	0	119807	1	2	2	1	0
15057	478	6	0	0	114421	0	114422	1	2	2	1	0
10015	478	6	0	0	123977	0	123977	1	2	2	1	0
4842	478	6	0	0	109349	0	0	1	0	2	1	0
41016	522	6	0	0	5435	0	114784	1	2	2	1	0
40720	522	7	0	0	114149	0	114149	1	2	2	1	0
35630	522	7	0	0	114763	0	114763	1	2	2	1	0
30518	522	7	0	0	116002	0	116002	1	2	2	1	0
25377	522	7	0	0	117071	0	117071	1	2	2	1	0
20304	522	7	0	0	117014	0	117014	1	2	2	1	0
15153	522	7	0	0	117149	0	117149	1	2	2	1	0
10020	522	7	0	0	118368	0	118369	1	2	2	1	0
4803	522	7	0	0	110953	2699	0	1	0	2	1	0
41046	530	8	0	0	5275	0	118927	1	1	2	1	0
40744	530	7	0	0	173259	0	173259	1	2	2	1	0
35534	530	7	0	0	121979	0	121979	1	2	2	1	0
30415	530	6	0	0	122484	0	122484	1	2	2	1	0
25337	530	6	0	0	112564	0	112564	1	2	2	1	0
20221	530	6	0	0	116878	0	116878	1	2	2	1	0
15041	530	6	0	0	123534	0	123534	1	2	2	1	0
9914	530	6	0	0	119379	0	119379	1	2	2	1	0
4781	530	6	0	0	108852	0	0	1	0	2	1	0
40996	548	6	0	0	10483	0	119337	1	2	2	1	0
40663	548	7	0	0	116465	0	116465	1	2	2	1	0
35572	548	7	0	0	119898	0	119898	1	2	2	1	0
30445	548	7	0	0	117927	0	117927	1	2	2	1	0
25322	548	7	0	0	124284	0	124284	1	2	2	1	0
20206	548	7	0	0	118672	0	118672	1	2	2	1	0
15069	548	7	0	0	117476	0	117477	1	2	2	1	0
9933	548	6	0	0	111803	0	111803	1	2	2	1	0
4816	548	6	0	0	109093	0	0	1	0	2	1	0
41052	525	6	0	0	7079	0	116172	1	2	2	1	0
40727	525	7	0	0	114237	0	114237	1	2	2	1	0
35587	525	7	0	0	113505	0	113505	1	2	2	1	0
30554	525	7	0	0	118207	0	118207	1	2	2	1	0
25416	525	7	0	0	114711	0	114711	1	2	2	1	0
20281	525	7	0	0	111417	0	111417	1	2	2	1	0
15117	525	7	0	0	117055	0	117055	1	2	2	1	0
9948	525	7	0	0	120815	0	120815	1	2	2	1	0
4747	525	7	0	0	109713	2375	0	1	0	2	1	0
41060	545	8	0	0	4329	0	116419	1	1	2	1	0
40755	545	7	0	0	151019	0	151020	1	2	2	1	0
35596	545	7	0	0	123523	0	123523	1	2	2	1	0
30466	545	7	0	0	126909	0	126909	1	2	2	1	0
25314	545	6	0	0	119253	0	119253	1	2	2	1	0
20180	545	6	0	0	117703	0	117704	1	2	2	1	0
15076	545	6	0	0	117717	0	117717	1	2	2	1	0
10008	545	6	0	0	122376	0	122376	1	2	2	1	0
4844	545	6	0	0	118013	0	0	1	0	2	1	0
37059	619	6	1	9	69	0	118082	1	2	2	1	0
37059	619	7	1	0	4053	0	4053	1	2	2	1	0
37059	619	7	1	5030	8130	0	8130	1	2	2	1	0
32029	619	7	1	8185	49301	0	49301	1	2	2	1	0
23844	619	7	1	8183	70844	0	70844	1	2	2	1	0
15660	619	7	1	6929	65014	0	65014	1	2	2	1	0
8731	619	7	1	0	43748	0	43748	1	2	2	1	0
8731	619	7	1	1555	3632	0	3632	1	2	2	1	0
7176	619	7	1	7176	25742	43512	0	1	0	2	1	0
40996	631	8	0	0	6009	0	75264	1	1	2	1	0
40663	631	7	0	0	153674	0	153674	1	2	2	1	0
35558	631	7	0	0	114985	0	114985	1	2	2	1	0
30488	631	7	0	0	121065	0	121065	1	2	2	1	0
25368	631	7	0	0	117295	0	117295	1	2	2	1	0
20258	631	7	0	0	119592	0	119592	1	2	2	1	0
15125	631	7	0	0	117719	0	117720	1	2	2	1	0
9981	631	7	0	0	118618	0	118618	1	2	2	1	0
4795	631	7	0	0	112155	0	0	1	0	2	1	0
40914	686	6	0	0	7504	0	119660	1	2	2	1	0
40589	686	7	0	0	117220	0	117220	1	2	2	1	0
35426	686	7	0	0	119079	0	119080	1	2	2	1	0
30277	686	7	0	0	117872	0	117872	1	2	2	1	0
25206	686	7	0	0	115026	0	115026	1	2	2	1	0
20096	686	7	0	0	116319	0	116319	1	2	2	1	0
15010	686	7	0	0	114457	0	114457	1	2	2	1	0
9960	686	7	0	0	119905	0	119905	1	2	2	1	0
4825	686	7	0	0	107044	1542	0	1	0	2	1	0
40940	737	8	0	0	5498	0	114084	1	1	2	1	0
40602	737	7	0	0	156199	0	156199	1	2	2	1	0
35477	737	7	0	0	121592	0	121592	1	2	2	1	0
30412	737	7	0	0	120515	0	120516	1	2	2	1	0
25274	737	7	0	0	117309	0	117310	1	2	2	1	0
20158	737	7	0	0	120118	0	120118	1	2	2	1	0
15118	737	6	0	0	117189	0	117190	1	2	2	1	0
9947	737	6	0	0	119237	0	119237	1	2	2	1	0
4819	737	6	0	0	112841	0	0	1	0	2	1	0
40559	477	6	0	0	6404	0	119245	1	2	2	1	0
40251	477	7	0	0	117341	0	117341	1	2	2	1	0
35142	477	7	0	0	112740	0	112740	1	2	2	1	0
30075	477	7	0	0	113808	0	113809	1	2	2	1	0
24992	477	7	0	0	109721	0	109721	1	2	2	1	0
19967	477	7	0	0	116641	0	116641	1	2	2	1	0
14861	477	7	0	0	113416	0	113416	1	2	2	1	0
9812	477	7	0	0	113451	0	113451	1	2	2	1	0
4778	477	7	0	0	106118	2460	0	1	0	2	1	0
40577	486	8	0	0	4397	0	112975	1	1	2	1	0
40276	486	7	0	0	167717	0	167717	1	2	2	1	0
35284	486	6	0	0	123843	0	123843	1	2	2	1	0
30128	486	6	0	0	119292	0	119292	1	2	2	1	0
25045	486	6	0	0	112508	0	112509	1	2	2	1	0
19980	486	6	0	0	111571	0	111571	1	2	2	1	0
14902	486	6	0	0	119033	0	119033	1	2	2	1	0
9859	486	6	0	0	116211	0	116211	1	2	2	1	0
4781	486	6	0	0	111916	0	0	1	0	2	1	0
40454	518	6	0	0	6518	0	118434	1	2	2	1	0
40121	518	7	0	0	112052	0	112052	1	2	2	1	0
35101	518	7	0	0	111057	0	111057	1	2	2	1	0
30068	518	7	0	0	120356	0	120356	1	2	2	1	0
24996	518	7	0	0	118468	0	118468	1	2	2	1	0
19876	518	7	0	0	112586	0	112586	1	2	2	1	0
14899	518	7	0	0	122037	0	122037	1	2	2	1	0
9800	518	6	0	0	109499	0	109499	1	2	2	1	0
4737	518	6	0	0	109981	0	0	1	0	2	1	0
40473	512	6	0	0	5907	0	115889	1	2	2	1	0
40162	512	7	0	0	112495	0	112495	1	2	2	1	0
35136	512	7	0	0	117783	0	117783	1	2	2	1	0
30097	512	7	0	0	114195	0	114195	1	2	2	1	0
25060	512	7	0	0	113334	0	113334	1	2	2	1	0
20011	512	7	0	0	115917	0	115917	1	2	2	1	0
14908	512	7	0	0	112558	0	112558	1	2	2	1	0
9856	512	7	0	0	115084	0	115084	1	2	2	1	0
4756	512	7	0	0	104265	5204	0	1	0	2	1	0
40534	523	8	0	0	5314	0	114785	1	1	2	1	0
40214	523	7	0	0	135535	0	135535	1	2	2	1	0
35131	523	7	0	0	116295	0	116296	1	2	2	1	0
30022	523	7	0	0	117223	0	117223	1	2	2	1	0
24919	523	6	0	0	109434	0	109434	1	2	2	1	0
19906	523	6	0	0	110792	0	110793	1	2	2	1	0
14853	523	6	0	0	112239	0	112240	1	2	2	1	0
9829	523	6	0	0	116178	0	116178	1	2	2	1	0
4746	523	6	0	0	109490	0	0	1	0	2	1	0
40429	568	6	0	0	5108	0	114599	1	2	2	1	0
40116	568	7	0	0	114125	0	114125	1	2	2	1	0
35078	568	7	0	0	118953	0	118953	1	2	2	1	0
30096	568	7	0	0	111445	0	111445	1	2	2	1	0
25102	568	7	0	0	117099	0	117099	1	2	2	1	0
20036	568	7	0	0	112867	0	112867	1	2	2	1	0
14999	568	7	0	0	117062	0	117063	1	2	2	1	0
9860	568	7	0	0	116488	0	116489	1	2	2	1	0
4734	568	7	0	0	113164	0	0	1	0	2	1	0
40444	586	6	0	0	5086	0	118250	1	2	2	1	0
40152	586	7	0	0	115032	0	115032	1	2	2	1	0
35092	586	7	0	0	114197	0	114197	1	2	2	1	0
30001	586	7	0	0	117227	0	117227	1	2	2	1	0
24990	586	7	0	0	113062	0	113062	1	2	2	1	0
19875	586	7	0	0	113271	0	113271	1	2	2	1	0
14890	586	7	0	0	111177	0	111177	1	2	2	1	0
9861	586	7	0	0	112842	0	112843	1	2	2	1	0
4772	586	7	0	0	109616	2420	0	1	0	2	1	0
40462	580	8	0	0	4384	0	116423	1	1	2	1	0
40154	580	7	0	0	155983	0	155983	1	2	2	1	0
35054	580	7	0	0	119072	0	119072	1	2	2	1	0
30016	580	7	0	0	121871	0	121871	1	2	2	1	0
24941	580	7	0	0	117544	0	117544	1	2	2	1	0
19906	580	7	0	0	124454	0	124454	1	2	2	1	0
14902	580	6	0	0	117483	0	117483	1	2	2	1	0
9793	580	6	0	0	117593	0	117593	1	2	2	1	0
4695	580	6	0	0	110059	0	0	1	0	2	1	0
40468	621	6	0	0	6178	0	116237	1	2	2	1	0
40131	621	7	0	0	118089	0	118089	1	2	2	1	0
35071	621	7	0	0	113767	0	113767	1	2	2	1	0
30081	621	7	0	0	120786	0	120786	1	2	2	1	0
24998	621	7	0	0	114879	0	114880	1	2	2	1	0
19920	621	7	0	0	125502	0	125502	1	2	2	1	0
14907	621	7	0	0	125248	0	125248	1	2	2	1	0
9805	621	7	0	0	116993	0	116993	1	2	2	1	0
4755	621	7	0	0	108832	6056	0	1	0	2	1	0
40481	569	8	0	0	4501	0	119389	1	1	2	1	0
40172	569	7	0	0	175673	0	175673	1	2	2	1	0
35209	569	7	0	0	125147	0	125148	1	2	2	1	0
30180	569	6	0	0	111284	0	111284	1	2	2	1	0
25127	569	6	0	0	115106	0	115106	1	2	2	1	0
20015	569	6	0	0	112895	0	112895	1	2	2	1	0
14967	569	6	0	0	119467	0	119467	1	2	2	1	0
9893	569	6	0	0	119217	0	119217	1	2	2	1	0
4766	569	6	0	0	114093	0	0	1	0	2	1	0
40376	671	6	0	0	7380	0	121474	1	2	2	1	0
40062	671	7	0	0	115829	0	115829	1	2	2	1	0
34949	671	7	0	0	114655	0	114655	1	2	2	1	0
29942	671	7	0	0	116722	0	116722	1	2	2	1	0
24949	671	7	0	0	115997	0	115997	1	2	2	1	0
19924	671	7	0	0	120093	0	120093	1	2	2	1	0
14821	671	7	0	0	119430	0	119430	1	2	2	1	0
9766	671	7	0	0	120630	0	120630	1	2	2	1	0
4734	671	6	0	0	108669	0	0	1	0	2	1	0
40395	635	6	0	0	8839	0	117509	1	2	2	1	0
40062	635	7	0	0	116996	0	116996	1	2	2	1	0
35053	635	7	0	0	117759	0	117759	1	2	2	1	0
29997	635	7	0	0	115933	0	115933	1	2	2	1	0
24964	635	7	0	0	115773	0	115773	1	2	2	1	0
19853	635	7	0	0	117756	0	117756	1	2	2	1	0
14798	635	7	0	0	112156	0	112156	1	2	2	1	0
9789	635	7	0	0	117190	0	117190	1	2	2	1	0
4738	635	7	0	0	116520	1623	0	1	0	2	1	0
40408	658	8	0	0	4421	0	122564	1	1	2	1	0
40094	658	7	0	0	181208	0	181209	1	2	2	1	0
35016	658	7	0	0	121378	0	121378	1	2	2	1	0
30023	658	7	0	0	114683	0	114683	1	2	2	1	0
25044	658	7	0	0	113577	0	113577	1	2	2	1	0
19941	658	6	0	0	119246	0	119246	1	2	2	1	0
14870	658	6	0	0	120361	0	120361	1	2	2	1	0
9779	658	6	0	0	109535	0	109535	1	2	2	1	0
4663	658	6	0	0	104259	0	0	1	0	2	1	0
37614	680	6	1	9	65	0	104324	1	2	2	1	0
37614	680	7	1	0	3662	0	3662	1	2	2	1	0
37614	680	7	1	4474	9305	0	9305	1	2	2	1	0
33140	680	7	1	8186	42754	0	42754	1	2	2	1	0
24954	680	7	1	8182	66426	0	66426	1	2	2	1	0
16772	680	7	1	7485	67311	0	67311	1	2	2	1	0
9287	680	7	1	0	45034	0	45035	1	2	2	1	0
9287	680	7	1	2894	7198	0	7199	1	2	2	1	0
6393	680	7	1	6393	29129	39365	0	1	0	2	1	0
40222	758	8	0	0	4703	0	73197	1	1	2	1	0
39922	758	7	0	0	179848	0	179848	1	2	2	1	0
34920	758	7	0	0	124639	0	124639	1	2	2	1	0
29851	758	7	0	0	113435	0	113435	1	2	2	1	0
24847	758	7	0	0	115252	0	115253	1	2	2	1	0
19816	758	7	0	0	109558	0	109559	1	2	2	1	0
14786	758	7	0	0	115674	0	115674	1	2	2	1	0
9696	758	7	0	0	116183	0	116184	1	2	2	1	0
4649	758	7	0	0	113127	3355	0	1	0	2	1	0
39937	479	8	0	0	4341	0	120833	1	1	2	1	0
39630	479	7	0	0	170938	0	170938	1	2	2	1	0
34629	479	6	0	0	112452	0	112452	1	2	2	1	0
29597	479	6	0	0	113636	0	113637	1	2	2	1	0
24648	479	6	0	0	117063	0	117063	1	2	2	1	0
19692	479	6	0	0	114955	0	114955	1	2	2	1	0
14670	479	6	0	0	114364	0	114365	1	2	2	1	0
9667	479	6	0	0	113525	0	113526	1	2	2	1	0
4672	479	6	0	0	106086	0	0	1	0	2	1	0
39905	516	6	0	0	6762	0	112849	1	2	2	1	0
39608	516	7	0	0	113609	0	113610	1	2	2	1	0
34591	516	7	0	0	112472	0	112472	1	2	2	1	0
29657	516	7	0	0	108570	0	108571	1	2	2	1	0
24685	516	7	0	0	108148	0	108148	1	2	2	1	0
19672	516	7	0	0	110957	0	110958	1	2	2	1	0
14665	516	7	0	0	117514	0	117514	1	2	2	1	0
9671	516	6	0	0	106536	0	106536	1	2	2	1	0
4694	516	6	0	0	106483	0	0	1	0	2	1	0
39936	551	6	0	0	5948	0	112432	1	2	2	1	0
39634	551	7	0	0	113118	0	113118	1	2	2	1	0
34658	551	7	0	0	110652	0	110653	1	2	2	1	0
29625	551	7	0	0	111798	0	111798	1	2	2	1	0
24642	551	7	0	0	116767	0	116769	1	2	2	1	0
19543	551	7	0	0	117761	0	117761	1	2	2	1	0
14600	551	7	0	0	112657	0	112657	1	2	2	1	0
9609	551	7	0	0	113564	0	113564	1	2	2	1	0
4662	551	7	0	0	110857	1664	0	1	0	2	1	0
39958	540	8	0	0	5895	0	118416	1	1	2	1	0
39645	540	7	0	0	185152	0	185152	1	2	2	1	0
34597	540	7	0	0	123230	0	123230	1	2	2	1	0
29608	540	7	0	0	125849	0	125849	1	2	2	1	0
24557	540	6	0	0	110065	0	110065	1	2	2	1	0
19645	540	6	0	0	112313	0	112313	1	2	2	1	0
14689	540	6	0	0	110764	0	110764	1	2	2	1	0
9654	540	6	0	0	113469	0	113470	1	2	2	1	0
4717	540	6	0	0	110902	0	0	1	0	2	1	0
39811	587	6	0	0	6187	0	117090	1	2	2	1	0
39505	587	7	0	0	116718	0	116719	1	2	2	1	0
34524	587	7	0	0	111182	0	111183	1	2	2	1	0
29510	587	7	0	0	111567	0	111567	1	2	2	1	0
24563	587	7	0	0	114950	0	114950	1	2	2	1	0
19613	587	7	0	0	117543	0	117543	1	2	2	1	0
14647	587	7	0	0	113276	0	113277	1	2	2	1	0
9692	587	7	0	0	113373	0	113374	1	2	2	1	0
4711	587	7	0	0	106816	0	0	1	0	2	1	0
39863	596	6	0	0	14111	0	120928	1	2	2	1	0
39540	596	7	0	0	113533	0	113533	1	2	2	1	0
34537	596	7	0	0	118526	0	118527	1	2	2	1	0
29562	596	7	0	0	115384	0	115384	1	2	2	1	0
24556	596	7	0	0	110497	0	110498	1	2	2	1	0
19592	596	7	0	0	113405	0	113405	1	2	2	1	0
14567	596	7	0	0	114361	0	114361	1	2	2	1	0
9606	596	7	0	0	111298	0	111298	1	2	2	1	0
4667	596	7	0	0	108860	2441	0	1	0	2	1	0
39908	597	8	0	0	5620	0	116922	1	1	2	1	0
39596	597	7	0	0	142629	0	142629	1	2	2	1	0
34600	597	7	0	0	116924	0	116924	1	2	2	1	0
29584	597	7	0	0	116335	0	116335	1	2	2	1	0
24609	597	7	0	0	113572	0	113572	1	2	2	1	0
19630	597	7	0	0	115686	0	115686	1	2	2	1	0
14628	597	7	0	0	115799	0	115799	1	2	2	1	0
9666	597	6	0	0	110714	0	110714	1	2	2	1	0
4733	597	6	0	0	114165	0	0	1	0	2	1	0
39787	677	6	0	0	5913	0	120078	1	2	2	1	0
39468	677	7	0	0	115766	0	115767	1	2	2	1	0
34448	677	7	0	0	113747	0	113747	1	2	2	1	0
29530	677	7	0	0	116199	0	116199	1	2	2	1	0
24556	677	7	0	0	116795	0	116795	1	2	2	1	0
19556	677	7	0	0	115257	0	115257	1	2	2	1	0
14597	677	7	0	0	119736	0	119738	1	2	2	1	0
9586	677	7	0	0	115470	0	115470	1	2	2	1	0
4563	677	7	0	0	106433	1667	0	1	0	2	1	0
39850	670	8	0	0	7470	0	115570	1	1	2	1	0
39544	670	7	0	0	206692	0	206692	1	2	2	1	0
34520	670	7	0	0	120902	0	120902	1	2	2	1	0
29482	670	7	0	0	119417	0	119417	1	2	2	1	0
24483	670	6	0	0	112754	0	112754	1	2	2	1	0
19468	670	6	0	0	111492	0	111492	1	2	2	1	0
14544	670	6	0	0	105184	0	105184	1	2	2	1	0
9623	670	6	0	0	108534	0	108534	1	2	2	1	0
4697	670	6	0	0	106030	0	0	1	0	2	1	0
39728	720	6	0	0	6558	0	112588	1	2	2	1	0
39428	720	7	0	0	120610	0	120611	1	2	2	1	0
34456	720	7	0	0	119176	0	119176	1	2	2	1	0
29459	720	7	0	0	110646	0	110646	1	2	2	1	0
24543	720	7	0	0	116053	0	116055	1	2	2	1	0
19553	720	7	0	0	109531	0	109531	1	2	2	1	0
14557	720	7	0	0	108660	0	108661	1	2	2	1	0
9652	720	7	0	0	117636	0	117636	1	2	2	1	0
4676	720	7	0	0	112218	0	0	1	0	2	1	0
39744	709	6	0	0	6431	0	118650	1	2	2	1	0
39419	709	7	0	0	118059	0	118059	1	2	2	1	0
34483	709	7	0	0	113548	0	113548	1	2	2	1	0
29547	709	7	0	0	118985	0	118986	1	2	2	1	0
24544	709	7	0	0	110417	0	110417	1	2	2	1	0
19623	709	7	0	0	114653	0	114653	1	2	2	1	0
14635	709	7	0	0	116720	0	116721	1	2	2	1	0
9654	709	7	0	0	114850	0	114851	1	2	2	1	0
4678	709	7	0	0	111058	2652	0	1	0	2	1	0
39754	708	8	0	0	4848	0	118560	1	1	2	1	0
39453	708	7	0	0	148041	0	148041	1	2	2	1	0
34471	708	7	0	0	123896	0	123896	1	2	2	1	0
29470	708	7	0	0	120471	0	120471	1	2	2	1	0
24441	708	7	0	0	110379	0	110380	1	2	2	1	0
19506	708	7	0	0	116402	0	116402	1	2	2	1	0
14535	708	6	0	0	112748	0	112748	1	2	2	1	0
9587	708	6	0	0	110082	0	110082	1	2	2	1	0
4625	708	6	0	0	104221	0	0	1	0	2	1	0
39415	470	6	0	0	9850	0	114072	1	2	2	1	0
39084	470	7	0	0	111666	0	111666	1	2	2	1	0
34185	470	7	0	0	107947	0	107947	1	2	2	1	0
29301	470	7	0	0	118118	0	118118	1	2	2	1	0
24327	470	7	0	0	108606	0	108606	1	2	2	1	0
19461	470	7	0	0	113998	0	113998	1	2	2	1	0
14453	470	7	0	0	116231	0	116231	1	2	2	1	0
9463	470	7	0	0	106200	0	106200	1	2	2	1	0
4589	470	7	0	0	106781	2237	0	1	0	2	1	0
39451	447	8	0	0	6218	0	115237	1	1	2	1	0
39135	447	7	0	0	169280	0	169281	1	2	2	1	0
34188	447	7	0	0	118554	0	118554	1	2	2	1	0
29258	447	6	0	0	110778	0	110778	1	2	2	1	0
24326	447	6	0	0	116553	0	116553	1	2	2	1	0
19340	447	6	0	0	108778	0	108778	1	2	2	1	0
14459	447	6	0	0	108917	0	108917	1	2	2	1	0
9589	447	6	0	0	107598	0	107598	1	2	2	1	0
4579	447	6	0	0	102038	0	0	1	0	2	1	0
37393	686	6	1	9	73	0	102112	1	2	2	1	0
37393	686	7	1	0	2889	0	2890	1	2	2	1	0
37393	686	7	1	5152	8776	0	8776	1	2	2	1	0
32241	686	7	1	8185	94964	0	94964	1	2	2	1	0
24056	686	7	1	8183	25008	0	25009	1	2	2	1	0
15873	686	7	1	6807	64286	0	64286	1	2	2	1	0
9066	686	7	1	0	41200	0	41200	1	2	2	1	0
9066	686	7	1	1955	5347	0	5347	1	2	2	1	0
7111	686	7	1	7111	24882	44431	0	1	0	2	1	0
39362	476	8	0	0	4569	0	73883	1	1	2	1	0
39065	476	7	0	0	182865	0	182866	1	2	2	1	0
34121	476	7	0	0	110426	0	110427	1	2	2	1	0
29247	476	7	0	0	112381	0	112381	1	2	2	1	0
24413	476	7	0	0	118087	0	118088	1	2	2	1	0
19433	476	7	0	0	110343	0	110344	1	2	2	1	0
14551	476	7	0	0	107796	0	107796	1	2	2	1	0
9579	476	7	0	0	115767	0	115767	1	2	2	1	0
4648	476	7	0	0	107621	0	0	1	0	2	1	0
39277	554	6	0	0	6749	0	114371	1	2	2	1	0
38959	554	7	0	0	110926	0	110926	1	2	2	1	0
34082	554	7	0	0	109993	0	109993	1	2	2	1	0
29167	554	7	0	0	113872	0	113872	1	2	2	1	0
24255	554	7	0	0	106933	0	106934	1	2	2	1	0
19240	554	7	0	0	110292	0	110293	1	2	2	1	0
14379	554	7	0	0	110733	0	110733	1	2	2	1	0
9386	554	7	0	0	117913	0	117913	1	2	2	1	0
4503	554	7	0	0	104225	2564	0	1	0	2	1	0
39321	553	8	0	0	4749	0	111538	1	1	2	1	0
39022	553	7	0	0	161713	0	161713	1	2	2	1	0
34081	553	7	0	0	114765	0	114765	1	2	2	1	0
29162	553	7	0	0	117526	0	117527	1	2	2	1	0
24172	553	7	0	0	112754	0	112754	1	2	2	1	0
19305	553	7	0	0	112998	0	112998	1	2	2	1	0
14411	553	6	0	0	107570	0	107570	1	2	2	1	0
9447	553	6	0	0	107278	0	107278	1	2	2	1	0
4613	553	6	0	0	103545	0	0	1	0	2	1	0
39306	611	6	0	0	4719	0	108264	1	2	2	1	0
39003	611	7	0	0	115840	0	115840	1	2	2	1	0
34114	611	7	0	0	112467	0	112467	1	2	2	1	0
29217	611	7	0	0	114509	0	114509	1	2	2	1	0
24225	611	7	0	0	108047	0	108048	1	2	2	1	0
19361	611	7	0	0	112490	0	112490	1	2	2	1	0
14436	611	7	0	0	115915	0	115916	1	2	2	1	0
9570	611	7	0	0	110044	0	110044	1	2	2	1	0
4626	611	7	0	0	102057	5097	0	1	0	2	1	0
39311	626	8	0	0	4165	0	111320	1	1	2	1	0
39029	626	7	0	0	176769	0	176769	1	2	2	1	0
34168	626	7	0	0	126545	0	126545	1	2	2	1	0
29285	626	6	0	0	120414	0	120414	1	2	2	1	0
24366	626	6	0	0	106859	0	106859	1	2	2	1	0
19433	626	6	0	0	108898	0	108898	1	2	2	1	0
14463	626	6	0	0	120119	0	120119	1	2	2	1	0
9532	626	6	0	0	111910	0	111911	1	2	2	1	0
4594	626	6	0	0	104139	0	0	1	0	2	1	0
39135	734	6	0	0	6143	0	110284	1	2	2	1	0
38829	734	7	0	0	118740	0	118740	1	2	2	1	0
33978	734	7	0	0	110781	0	110781	1	2	2	1	0
29078	734	7	0	0	113159	0	113159	1	2	2	1	0
24185	734	7	0	0	112425	0	112425	1	2	2	1	0
19315	734	7	0	0	114321	0	114322	1	2	2	1	0
14416	734	7	0	0	109388	0	109388	1	2	2	1	0
9587	734	7	0	0	112110	0	112110	1	2	2	1	0
4618	734	7	0	0	105280	0	0	1	0	2	1	0
39160	744	6	0	0	7557	0	112838	1	2	2	1	0
38838	744	7	0	0	115051	0	115052	1	2	2	1	0
33965	744	7	0	0	112496	0	112496	1	2	2	1	0
29081	744	7	0	0	113591	0	113591	1	2	2	1	0
24177	744	7	0	0	111132	0	111132	1	2	2	1	0
19356	744	7	0	0	107535	0	107535	1	2	2	1	0
14533	744	7	0	0	118727	0	118728	1	2	2	1	0
9617	744	7	0	0	116236	0	116236	1	2	2	1	0
4667	744	7	0	0	108635	5164	0	1	0	2	1	0
39178	735	8	0	0	6209	0	120009	1	1	2	1	0
38876	735	7	0	0	202517	0	202517	1	2	2	1	0
33989	735	7	0	0	109358	0	109359	1	2	2	1	0
29034	735	7	0	0	111539	0	111539	1	2	2	1	0
24174	735	7	0	0	114936	0	114936	1	2	2	1	0
19272	735	7	0	0	112570	0	112571	1	2	2	1	0
14372	735	6	0	0	114501	0	114501	1	2	2	1	0
9535	735	6	0	0	118190	0	118190	1	2	2	1	0
4561	735	6	0	0	110925	0	0	1	0	2	1	0
38864	475	6	0	0	7194	0	118120	1	2	2	1	0
38548	475	7	0	0	116285	0	116285	1	2	2	1	0
33673	475	7	0	0	110332	0	110332	1	2	2	1	0
28841	475	7	0	0	105992	0	105993	1	2	2	1	0
24062	475	7	0	0	117052	0	117052	1	2	2	1	0
19167	475	7	0	0	102898	0	102898	1	2	2	1	0
14300	475	7	0	0	114497	0	114497	1	2	2	1	0
9391	475	7	0	0	109328	0	109329	1	2	2	1	0
4542	475	7	0	0	105953	3007	0	1	0	2	1	0
38880	462	8	0	0	4217	0	113178	1	1	2	1	0
38584	462	7	0	0	148425	0	148425	1	2	2	1	0
33710	462	7	0	0	117324	0	117324	1	2	2	1	0
28781	462	6	0	0	108854	0	108854	1	2	2	1	0
23907	462	6	0	0	107878	0	107878	1	2	2	1	0
19090	462	6	0	0	113210	0	113210	1	2	2	1	0
14230	462	6	0	0	111236	0	111237	1	2	2	1	0
9440	462	6	0	0	106316	0	106316	1	2	2	1	0
4535	462	6	0	0	100135	0	0	1	0	2	1	0
38746	493	6	0	0	6641	0	106777	1	2	2	1	0
38434	493	7	0	0	110071	0	110071	1	2	2	1	0
33630	493	7	0	0	112191	0	112191	1	2	2	1	0
28764	493	7	0	0	106608	0	106608	1	2	2	1	0
23925	493	7	0	0	109620	0	109620	1	2	2	1	0
19025	493	7	0	0	106510	0	106510	1	2	2	1	0
14229	493	7	0	0	112938	0	112938	1	2	2	1	0
9382	493	7	0	0	106840	0	106840	1	2	2	1	0
4574	493	7	0	0	104830	0	0	1	0	2	1	0
38831	488	6	0	0	5365	0	110196	1	2	2	1	0
38543	488	7	0	0	115642	0	115642	1	2	2	1	0
33602	488	7	0	0	109984	0	109984	1	2	2	1	0
28780	488	7	0	0	105860	0	105860	1	2	2	1	0
23949	488	7	0	0	109147	0	109148	1	2	2	1	0
19111	488	7	0	0	111944	0	111944	1	2	2	1	0
14270	488	7	0	0	117017	0	117018	1	2	2	1	0
9334	488	7	0	0	106742	0	106742	1	2	2	1	0
4539	488	7	0	0	104275	2471	0	1	0	2	1	0
38885	465	8	0	0	5271	0	112017	1	1	2	1	0
38579	465	7	0	0	172534	0	172534	1	2	2	1	0
33677	465	7	0	0	115736	0	115737	1	2	2	1	0
28801	465	7	0	0	111527	0	111527	1	2	2	1	0
23937	465	7	0	0	106220	0	106220	1	2	2	1	0
19130	465	7	0	0	108848	0	108848	1	2	2	1	0
14305	465	6	0	0	111800	0	111800	1	2	2	1	0
9409	465	6	0	0	107483	0	107483	1	2	2	1	0
4562	465	6	0	0	104596	0	0	1	0	2	1	0
38753	517	6	0	0	8175	0	112771	1	2	2	1	0
38437	517	7	0	0	108892	0	108892	1	2	2	1	0
33688	517	7	0	0	106451	0	106451	1	2	2	1	0
28841	517	7	0	0	106100	0	106101	1	2	2	1	0
24060	517	7	0	0	111992	0	111993	1	2	2	1	0
19212	517	7	0	0	112673	0	112673	1	2	2	1	0
14264	517	7	0	0	106301	0	106302	1	2	2	1	0
9408	517	7	0	0	106298	0	106298	1	2	2	1	0
4557	517	7	0	0	107745	2321	0	1	0	2	1	0
38761	506	8	0	0	5896	0	115963	1	1	2	1	0
38472	506	7	0	0	168353	0	168354	1	2	2	1	0
33617	506	7	0	0	109772	0	109772	1	2	2	1	0
28771	506	7	0	0	111525	0	111525	1	2	2	1	0
23918	506	6	0	0	115615	0	115615	1	2	2	1	0
19057	506	6	0	0	109540	0	109540	1	2	2	1	0
14172	506	6	0	0	104833	0	104833	1	2	2	1	0
9343	506	6	0	0	107876	0	107876	1	2	2	1	0
4516	506	6	0	0	102731	0	0	1	0	2	1	0
37795	737	6	1	8	48	0	102780	1	2	2	1	0
37795	737	7	1	0	3972	0	3972	1	2	2	1	0
37795	737	7	1	4882	10515	0	10516	1	2	2	1	0
32913	737	7	1	8186	91513	0	91513	1	2	2	1	0
24727	737	7	1	8182	92272	0	92272	1	2	2	1	0
16545	737	7	1	7077	21289	0	21289	1	2	2	1	0
9468	737	7	1	0	46189	0	46189	1	2	2	1	0
9468	737	7	1	2407	6441	0	6441	1	2	2	1	0
7061	737	7	1	7061	28009	43127	0	1	0	2	1	0
38670	563	8	0	0	4667	0	75803	1	1	2	1	0
38362	563	7	0	0	173784	0	173785	1	2	2	1	0
33511	563	7	0	0	110773	0	110773	1	2	2	1	0
28739	563	7	0	0	116211	0	116212	1	2	2	1	0
23953	563	7	0	0	116902	0	116902	1	2	2	1	0
19072	563	7	0	0	113487	0	113487	1	2	2	1	0
14206	563	7	0	0	112882	0	112882	1	2	2	1	0
9329	563	7	0	0	112532	0	112533	1	2	2	1	0
4508	563	7	0	0	110012	0	0	1	0	2	1	0
38702	636	6	0	0	5814	0	115826	1	2	2	1	0
38412	636	7	0	0	105317	0	105317	1	2	2	1	0
33650	636	7	0	0	109385	0	109385	1	2	2	1	0
28826	636	7	0	0	107928	0	107928	1	2	2	1	0
23940	636	7	0	0	112563	0	112563	1	2	2	1	0
19090	636	7	0	0	107904	0	107904	1	2	2	1	0
14219	636	7	0	0	109682	0	109683	1	2	2	1	0
9347	636	7	0	0	109820	0	109820	1	2	2	1	0
4517	636	7	0	0	98618	2313	0	1	0	2	1	0
38703	683	8	0	0	4384	0	105316	1	1	2	1	0
38412	683	7	0	0	135621	0	135621	1	2	2	1	0
33553	683	7	0	0	117967	0	117967	1	2	2	1	0
28672	683	7	0	0	115981	0	115981	1	2	2	1	0
23821	683	7	0	0	114913	0	114913	1	2	2	1	0
18959	683	7	0	0	105311	0	105312	1	2	2	1	0
14171	683	7	0	0	117090	0	117090	1	2	2	1	0
9319	683	6	0	0	113418	0	113418	1	2	2	1	0
4497	683	6	0	0	101399	0	0	1	0	2	1	0
38376	445	6	0	0	5393	0	106794	1	2	2	1	0
38092	445	7	0	0	105474	0	105475	1	2	2	1	0
33329	445	7	0	0	111049	0	111049	1	2	2	1	0
28453	445	7	0	0	112481	0	112482	1	2	2	1	0
23618	445	7	0	0	111277	0	111277	1	2	2	1	0
18791	445	7	0	0	107528	0	107529	1	2	2	1	0
14098	445	7	0	0	107740	0	107740	1	2	2	1	0
9302	445	7	0	0	104430	0	104430	1	2	2	1	0
4512	445	7	0	0	106830	2151	0	1	0	2	1	0
38394	442	8	0	0	6026	0	115007	1	1	2	1	0
38108	442	7	0	0	253477	0	253477	1	2	2	1	0
33262	442	7	0	0	119646	0	119646	1	2	2	1	0
28406	442	7	0	0	112291	0	112291	1	2	2	1	0
23634	442	6	0	0	102768	0	102768	1	2	2	1	0
18888	442	6	0	0	109687	0	109687	1	2	2	1	0
14093	442	6	0	0	111899	0	111899	1	2	2	1	0
9284	442	6	0	0	103701	0	103701	1	2	2	1	0
4501	442	6	0	0	99070	0	0	1	0	2	1	0
38276	467	6	0	0	7059	0	106130	1	2	2	1	0
37969	467	7	0	0	107126	0	107126	1	2	2	1	0
33140	467	7	0	0	113294	0	113294	1	2	2	1	0
28356	467	7	0	0	108733	0	108734	1	2	2	1	0
23558	467	7	0	0	107600	0	107600	1	2	2	1	0
18738	467	7	0	0	107329	0	107329	1	2	2	1	0
13981	467	7	0	0	106153	0	106153	1	2	2	1	0
9257	467	7	0	0	105855	0	105856	1	2	2	1	0
4497	467	7	0	0	102435	2535	0	1	0	2	1	0
38278	468	8	0	0	4897	0	109868	1	1	2	1	0
37963	468	7	0	0	207814	0	207814	1	2	2	1	0
33180	468	6	0	0	105789	0	105789	1	2	2	1	0
28412	468	6	0	0	108081	0	108081	1	2	2	1	0
23600	468	6	0	0	109084	0	109084	1	2	2	1	0
18814	468	6	0	0	103526	0	103527	1	2	2	1	0
14079	468	6	0	0	103289	0	103289	1	2	2	1	0
9320	468	6	0	0	105901	0	105901	1	2	2	1	0
4559	468	6	0	0	102826	0	0	1	0	2	1	0
38182	538	6	0	0	5634	0	108461	1	2	2	1	0
37890	538	7	0	0	112865	0	112866	1	2	2	1	0
33155	538	7	0	0	108484	0	108485	1	2	2	1	0
28425	538	7	0	0	108465	0	108465	1	2	2	1	0
23552	538	7	0	0	109956	0	109956	1	2	2	1	0
18684	538	7	0	0	109866	0	109866	1	2	2	1	0
13932	538	7	0	0	105484	0	105484	1	2	2	1	0
9141	538	7	0	0	109222	0	109222	1	2	2	1	0
4382	538	6	0	0	98657	0	0	1	0	2	1	0
38198	544	6	0	0	8859	0	107517	1	2	2	1	0
37900	544	7	0	0	112421	0	112421	1	2	2	1	0
33160	544	7	0	0	113730	0	113730	1	2	2	1	0
28379	544	7	0	0	108660	0	108660	1	2	2	1	0
23606	544	7	0	0	108498	0	108498	1	2	2	1	0
18767	544	7	0	0	107831	0	107831	1	2	2	1	0
14102	544	7	0	0	109949	0	109949	1	2	2	1	0
9369	544	7	0	0	109667	0	109667	1	2	2	1	0
4542	544	7	0	0	100523	3230	0	1	0	2	1	0
38228	562	8	0	0	4697	0	108451	1	1	2	1	0
37943	562	7	0	0	174187	0	174187	1	2	2	1	0
33188	562	7	0	0	112529	0	112529	1	2	2	1	0
28450	562	7	0	0	118040	0	118041	1	2	2	1	0
23698	562	7	0	0	110472	0	110472	1	2	2	1	0
18926	562	7	0	0	108314	0	108314	1	2	2	1	0
14057	562	6	0	0	106229	0	106230	1	2	2	1	0
9270	562	6	0	0	107660	0	107661	1	2	2	1	0
4492	562	6	0	0	99052	0	0	1	0	2	1	0
38181	579	6	0	0	6499	0	105552	1	2	2	1	0
37866	579	7	0	0	106282	0	106282	1	2	2	1	0
33173	579	7	0	0	110838	0	110838	1	2	2	1	0
28334	579	7	0	0	106664	0	106664	1	2	2	1	0
23549	579	7	0	0	108085	0	108085	1	2	2	1	0
18791	579	7	0	0	115030	0	115031	1	2	2	1	0
13987	579	7	0	0	111826	0	111826	1	2	2	1	0
9231	579	7	0	0	109220	0	109220	1	2	2	1	0
4448	579	7	0	0	107898	2399	0	1	0	2	1	0
38219	576	8	0	0	3912	0	114209	1	1	2	1	0
37958	576	7	0	0	167698	0	167698	1	2	2	1	0
33278	576	7	0	0	120721	0	120721	1	2	2	1	0
28536	576	6	0	0	107277	0	107277	1	2	2	1	0
23809	576	6	0	0	106270	0	106270	1	2	2	1	0
18966	576	6	0	0	105614	0	105614	1	2	2	1	0
14201	576	6	0	0	109054	0	109054	1	2	2	1	0
9326	576	6	0	0	103825	0	103825	1	2	2	1	0
4511	576	6	0	0	99939	0	0	1	0	2	1	0
38146	624	6	0	0	4720	0	104660	1	2	2	1	0
37848	624	7	0	0	113888	0	113888	1	2	2	1	0
33093	624	7	0	0	114297	0	114297	1	2	2	1	0
28331	624	7	0	0	106953	0	106953	1	2	2	1	0
23500	624	7	0	0	111478	0	111478	1	2	2	1	0
18801	624	7	0	0	108533	0	108534	1	2	2	1	0
13976	624	7	0	0	110207	0	110208	1	2	2	1	0
9137	624	7	0	0	106248	0	106248	1	2	2	1	0
4429	624	7	0	0	98341	0	0	1	0	2	1	0
38171	606	6	0	0	9897	0	108238	1	2	2	1	0
37870	606	7	0	0	107054	0	107054	1	2	2	1	0
33109	606	7	0	0	112503	0	112503	1	2	2	1	0
28299	606	7	0	0	107847	0	107847	1	2	2	1	0
23517	606	7	0	0	104494	0	104494	1	2	2	1	0
18750	606	7	0	0	107345	0	107345	1	2	2	1	0
13937	606	7	0	0	108094	0	108094	1	2	2	1	0
9149	606	7	0	0	105037	0	105037	1	2	2	1	0
4388	606	7	0	0	104333	2259	0	1	0	2	1	0
38173	607	8	0	0	4590	0	111182	1	1	2	1	0
37881	607	7	0	0	133321	0	133321	1	2	2	1	0
33097	607	7	0	0	111705	0	111706	1	2	2	1	0
28352	607	7	0	0	113420	0	113420	1	2	2	1	0
23567	607	7	0	0	110853	0	110854	1	2	2	1	0
18802	607	7	0	0	110664	0	110665	1	2	2	1	0
14112	607	7	0	0	117416	0	117416	1	2	2	1	0
9270	607	6	0	0	114305	0	114305	1	2	2	1	0
4460	607	6	0	0	104958	0	0	1	0	2	1	0
37876	744	6	1	8	87	0	105046	1	2	2	1	0
37876	744	7	1	0	2103	0	2103	1	2	2	1	0
37876	744	7	1	5282	99837	0	99838	1	2	2	1	0
32594	744	7	1	8186	165527	0	165528	1	2	2	1	0
24408	744	7	1	8182	148466	0	148466	1	2	2	1	0
16226	744	7	1	6677	109589	0	109590	1	2	2	1	0
9549	744	7	1	0	4795	0	4795	1	2	2	1	0
9548	744	7	1	2272	22586	0	22586	1	2	2	1	0
7276	744	7	1	7276	86016	5755	0	1	0	2	1	0
38104	672	8	0	0	4531	0	96302	1	1	2	1	0
37825	672	7	0	0	173142	0	173142	1	2	2	1	0
33084	672	7	0	0	114037	0	114037	1	2	2	1	0
28285	672	7	0	0	107952	0	107952	1	2	2	1	0
23564	672	7	0	0	107545	0	107545	1	2	2	1	0
18826	672	7	0	0	110842	0	110842	1	2	2	1	0
14036	672	7	0	0	106753	0	106753	1	2	2	1	0
9258	672	7	0	0	112547	0	112547	1	2	2	1	0
4478	672	7	0	0	98249	6440	0	1	0	2	1	0
37849	453	8	0	0	4350	0	109040	1	1	2	1	0
37542	453	7	0	0	155650	0	155650	1	2	2	1	0
32825	453	7	0	0	108959	0	108959	1	2	2	1	0
28055	453	7	0	0	115144	0	115144	1	2	2	1	0
23321	453	6	0	0	103299	0	103299	1	2	2	1	0
18605	453	6	0	0	110838	0	110838	1	2	2	1	0
13878	453	6	0	0	101970	0	101970	1	2	2	1	0
9138	453	6	0	0	106523	0	106523	1	2	2	1	0
4434	453	6	0	0	99463	0	0	1	0	2	1	0
37701	480	6	0	0	10066	0	109529	1	2	2	1	0
37405	480	7	0	0	104164	0	104164	1	2	2	1	0
32668	480	7	0	0	102313	0	102315	1	2	2	1	0
27979	480	7	0	0	105169	0	105169	1	2	2	1	0
23323	480	7	0	0	109209	0	109209	1	2	2	1	0
18590	480	7	0	0	104404	0	104404	1	2	2	1	0
13920	480	7	0	0	108391	0	108391	1	2	2	1	0
9129	480	7	0	0	106628	0	106628	1	2	2	1	0
4391	480	7	0	0	97027	2331	0	1	0	2	1	0
37723	498	8	0	0	4660	0	104020	1	1	2	1	0
37439	498	7	0	0	171953	0	171953	1	2	2	1	0
32653	498	6	0	0	105661	0	105661	1	2	2	1	0
27953	498	6	0	0	110723	0	110724	1	2	2	1	0
23223	498	6	0	0	108724	0	108726	1	2	2	1	0
18441	498	6	0	0	105086	0	105087	1	2	2	1	0
13724	498	6	0	0	103212	0	103212	1	2	2	1	0
9011	498	6	0	0	105682	0	105682	1	2	2	1	0
4337	498	6	0	0	95908	0	0	1	0	2	1	0
37673	561	6	0	0	5643	0	101551	1	2	2	1	0
37385	561	7	0	0	109681	0	109681	1	2	2	1	0
32700	561	7	0	0	102467	0	102467	1	2	2	1	0
28025	561	7	0	0	104931	0	104933	1	2	2	1	0
23307	561	7	0	0	107035	0	107035	1	2	2	1	0
18566	561	7	0	0	112153	0	112153	1	2	2	1	0
13819	561	7	0	0	108762	0	108762	1	2	2	1	0
9104	561	7	0	0	112338	0	112338	1	2	2	1	0
4319	561	6	0	0	96970	0	0	1	0	2	1	0
37696	590	6	0	0	6494	0	103464	1	2	2	1	0
37387	590	7	0	0	109641	0	109641	1	2	2	1	0
32634	590	7	0	0	106235	0	106235	1	2	2	1	0
27981	590	7	0	0	109734	0	109734	1	2	2	1	0
23235	590	7	0	0	108752	0	108752	1	2	2	1	0
18554	590	7	0	0	103932	0	103932	1	2	2	1	0
13831	590	7	0	0	107392	0	107392	1	2	2	1	0
9177	590	7	0	0	104461	0	104462	1	2	2	1	0
4459	590	7	0	0	102474	2862	0	1	0	2	1	0
37705	559	8	0	0	5657	0	110993	1	1	2	1	0
37408	559	7	0	0	263267	0	263267	1	2	2	1	0
32656	559	7	0	0	105667	0	105667	1	2	2	1	0
27920	559	7	0	0	109860	0	109861	1	2	2	1	0
23193	559	7	0	0	109222	0	109222	1	2	2	1	0
18515	559	7	0	0	107239	0	107239	1	2	2	1	0
13827	559	6	0	0	108273	0	108273	1	2	2	1	0
9083	559	6	0	0	106731	0	106732	1	2	2	1	0
4350	559	6	0	0	103864	0	0	1	0	2	1	0
37586	640	6	0	0	5908	0	109773	1	2	2	1	0
37278	640	7	0	0	105766	0	105766	1	2	2	1	0
32573	640	7	0	0	110544	0	110544	1	2	2	1	0
27869	640	7	0	0	104776	0	104776	1	2	2	1	0
23285	640	7	0	0	105388	0	105388	1	2	2	1	0
18622	640	7	0	0	110213	0	110213	1	2	2	1	0
13935	640	7	0	0	103774	0	103774	1	2	2	1	0
9255	640	7	0	0	108193	0	108193	1	2	2	1	0
4452	640	7	0	0	103555	5040	0	1	0	2	1	0
37597	648	8	0	0	3953	0	112550	1	1	2	1	0
37320	648	7	0	0	244235	0	244235	1	2	3	0	0
32637	648	7	0	0	113127	0	113128	1	2	3	0	0
27973	648	7	0	0	112913	0	112914	1	2	3	0	0
23177	648	6	0	0	104710	0	104710	1	2	3	0	0
18420	648	6	0	0	103200	0	103200	1	2	3	0	0
13717	648	6	0	0	106001	0	106001	1	2	3	0	0
9036	648	6	0	0	105160	0	105160	1	2	3	0	0
4383	648	6	0	0	95475	0	0	1	0	3	0	0
37587	675	6	0	0	5811	0	101286	1	2	3	0	0
37291	675	7	0	0	107293	0	107293	1	2	3	0	0
32629	675	7	0	0	109248	0	109248	1	2	3	0	0
27995	675	7	0	0	108289	0	108289	1	2	3	0	0
23288	675	7	0	0	109941	0	109941	1	2	3	0	0
18497	675	7	0	0	105785	0	105785	1	2	3	0	0
13785	675	7	0	0	108835	0	108835	1	2	3	0	0
9101	675	7	0	0	108445	0	108446	1	2	3	0	0
4454	675	7	0	0	101661	1554	0	1	0	3	0	0
37614	637	8	0	0	4299	0	107515	1	1	3	0	0
37301	637	7	0	0	129286	0	129287	1	2	3	0	0
32650	637	6	0	0	111641	0	111642	1	2	3	0	0
27986	637	6	0	0	111010	0	111010	1	2	3	0	0
23273	637	6	0	0	112178	0	112178	1	2	3	0	0
18551	637	6	0	0	104454	0	104454	1	2	3	0	0
13779	637	6	0	0	107876	0	107877	1	2	3	0	0
9090	637	6	0	0	108430	0	108430	1	2	3	0	0
4392	637	6	0	0	102209	0	0	1	0	3	0	0
37469	745	6	0	0	6572	0	108781	1	2	3	0	0
37180	745	7	0	0	106855	0	106855	1	2	3	0	0
32488	745	7	0	0	105900	0	105900	1	2	3	0	0
27751	745	7	0	0	108274	0	108275	1	2	3	0	0
23092	745	7	0	0	104666	0	104666	1	2	3	0	0
18432	745	7	0	0	115153	0	115153	1	2	3	0	0
13748	745	7	0	0	114084	0	114084	1	2	3	0	0
8990	745	7	0	0	105680	0	105680	1	2	3	0	0
4347	745	6	0	0	96998	0	0	1	0	3	0	0
37488	756	6	0	0	10392	0	107392	1	2	3	0	0
37172	756	7	0	0	110932	0	110932	1	2	3	0	0
32492	756	7	0	0	108770	0	108770	1	2	3	0	0
27810	756	7	0	0	103384	0	103384	1	2	3	0	0
23178	756	7	0	0	108126	0	108126	1	2	3	0	0
18470	756	7	0	0	109292	0	109292	1	2	3	0	0
13731	756	7	0	0	106953	0	106953	1	2	3	0	0
9086	756	7	0	0	112821	0	112822	1	2	3	0	0
4320	756	7	0	0	98080	2347	0	1	0	3	0	0
37492	714	8	0	0	4178	0	104605	1	1	3	0	0
37210	714	7	0	0	142052	0	142053	1	2	2	1	0
32492	714	7	0	0	113843	0	113844	1	2	2	1	0
27794	714	7	0	0	104484	0	104484	1	2	2	1	0
23091	714	7	0	0	107487	0	107487	1	2	2	1	0
18373	714	7	0	0	108026	0	108026	1	2	2	1	0
13709	714	6	0	0	108633	0	108633	1	2	2	1	0
9097	714	6	0	0	103597	0	103597	1	2	2	1	0
4384	714	6	0	0	100742	0	0	1	0	2	1	0
36241	683	6	1	9	88	0	100830	1	2	2	1	0
36241	683	7	1	0	2972	0	2972	1	2	2	1	0
36241	683	7	1	5280	11940	0	11940	1	2	2	1	0
30961	683	7	1	8186	45519	0	45519	1	2	2	1	0
22774	683	7	1	8182	67201	0	67201	1	2	2	1	0
14592	683	7	1	6679	63953	0	63954	1	2	2	1	0
7913	683	7	1	0	40046	0	40047	1	2	2	1	0
7913	683	7	1	845	3590	0	3590	1	2	2	1	0
7068	683	7	1	7068	20303	43251	0	1	0	2	1	0
37190	463	8	0	0	5883	0	69438	1	1	2	1	0
36897	463	7	0	0	165968	0	165969	1	2	2	1	0
32272	463	7	0	0	105623	0	105623	1	2	2	1	0
27576	463	7	0	0	102929	0	102929	1	2	2	1	0
22891	463	7	0	0	101264	0	101264	1	2	2	1	0
18217	463	7	0	0	105768	0	105768	1	2	2	1	0
13588	463	7	0	0	99517	0	99517	1	2	2	1	0
8999	463	7	0	0	102121	0	102121	1	2	2	1	0
4405	463	7	0	0	99935	2256	0	1	0	2	1	0
37085	521	8	0	0	4007	0	106199	1	1	2	1	0
36805	521	7	0	0	159932	0	159933	1	2	2	1	0
32160	521	7	0	0	109279	0	109279	1	2	2	1	0
27470	521	7	0	0	106318	0	106318	1	2	2	1	0
22853	521	6	0	0	108232	0	108232	1	2	2	1	0
18111	521	6	0	0	100360	0	100360	1	2	2	1	0
13579	521	6	0	0	104981	0	104981	1	2	2	1	0
9004	521	6	0	0	103576	0	103576	1	2	2	1	0
4379	521	6	0	0	97235	0	0	1	0	2	1	0
37144	527	6	0	0	8232	0	105468	1	2	2	1	0
36843	527	7	0	0	104218	0	104218	1	2	2	1	0
32225	527	7	0	0	104207	0	104207	1	2	2	1	0
27538	527	7	0	0	101223	0	101223	1	2	2	1	0
22928	527	7	0	0	105903	0	105903	1	2	2	1	0
18321	527	7	0	0	103749	0	103749	1	2	2	1	0
13711	527	7	0	0	107935	0	107935	1	2	2	1	0
8994	527	7	0	0	105008	0	105008	1	2	2	1	0
4410	527	7	0	0	100124	2453	0	1	0	2	1	0
37147	515	8	0	0	4464	0	107043	1	1	2	1	0
36856	515	7	0	0	165671	0	165672	1	2	2	1	0
32201	515	6	0	0	107525	0	107525	1	2	2	1	0
27554	515	6	0	0	104914	0	104915	1	2	2	1	0
22915	515	6	0	0	99003	0	99003	1	2	2	1	0
18283	515	6	0	0	102584	0	102584	1	2	2	1	0
13663	515	6	0	0	99825	0	99826	1	2	2	1	0
9036	515	6	0	0	103988	0	103988	1	2	2	1	0
4428	515	6	0	0	101007	0	0	1	0	2	1	0
37047	663	6	0	0	5446	0	106453	1	2	2	1	0
36752	663	7	0	0	106053	0	106053	1	2	2	1	0
32125	663	7	0	0	103726	0	103726	1	2	2	1	0
27467	663	7	0	0	110886	0	110887	1	2	2	1	0
22876	663	7	0	0	104382	0	104382	1	2	2	1	0
18299	663	7	0	0	108183	0	108183	1	2	2	1	0
13739	663	7	0	0	103972	0	103972	1	2	2	1	0
9153	663	7	0	0	113865	0	113865	1	2	2	1	0
4423	663	6	0	0	102224	0	0	1	0	2	1	0
37073	688	6	0	0	9365	0	111590	1	2	2	1	0
36784	688	7	0	0	106473	0	106473	1	2	2	1	0
32177	688	7	0	0	104217	0	104217	1	2	2	1	0
27580	688	7	0	0	104374	0	104374	1	2	2	1	0
22879	688	7	0	0	104187	0	104187	1	2	2	1	0
18248	688	7	0	0	100555	0	100556	1	2	2	1	0
13670	688	7	0	0	106854	0	106855	1	2	2	1	0
8954	688	7	0	0	103709	0	103709	1	2	2	1	0
4322	688	7	0	0	97663	2357	0	1	0	2	1	0
37073	727	8	0	0	4524	0	104544	1	1	2	1	0
36758	727	7	0	0	169282	0	169282	1	2	2	1	0
32175	727	7	0	0	108263	0	108263	1	2	2	1	0
27549	727	7	0	0	108336	0	108337	1	2	2	1	0
22850	727	7	0	0	108936	0	108936	1	2	2	1	0
18168	727	7	0	0	107957	0	107957	1	2	2	1	0
13502	727	6	0	0	105653	0	105653	1	2	2	1	0
8923	727	6	0	0	106757	0	106757	1	2	2	1	0
4298	727	6	0	0	97844	0	0	1	0	2	1	0
36687	458	6	0	0	5728	0	103573	1	2	2	1	0
36410	458	7	0	0	104194	0	104194	1	2	2	1	0
31789	458	7	0	0	101465	0	101465	1	2	2	1	0
27198	458	7	0	0	103439	0	103439	1	2	2	1	0
22545	458	7	0	0	105187	0	105187	1	2	2	1	0
18013	458	7	0	0	106894	0	106894	1	2	2	1	0
13382	458	7	0	0	98186	0	98186	1	2	2	1	0
8880	458	7	0	0	101339	0	101340	1	2	2	1	0
4289	458	7	0	0	93445	3440	0	1	0	2	1	0
36708	457	8	0	0	4164	0	101049	1	1	2	1	0
36423	457	7	0	0	168711	0	168711	1	2	2	1	0
31851	457	7	0	0	105303	0	105303	1	2	2	1	0
27201	457	7	0	0	108013	0	108013	1	2	2	1	0
22676	457	6	0	0	101037	0	101038	1	2	2	1	0
18099	457	6	0	0	101945	0	101946	1	2	2	1	0
13490	457	6	0	0	107915	0	107915	1	2	2	1	0
8886	457	6	0	0	103377	0	103377	1	2	2	1	0
4270	457	6	0	0	98595	0	0	1	0	2	1	0
36643	466	6	0	0	5104	0	103699	1	2	2	1	0
36369	466	7	0	0	98957	0	98957	1	2	2	1	0
31922	466	7	0	0	106738	0	106738	1	2	2	1	0
27246	466	7	0	0	100635	0	100635	1	2	2	1	0
22676	466	7	0	0	104347	0	104347	1	2	2	1	0
18086	466	7	0	0	100341	0	100341	1	2	2	1	0
13520	466	7	0	0	102862	0	102862	1	2	2	1	0
8913	466	7	0	0	103032	0	103033	1	2	2	1	0
4359	466	7	0	0	95213	3722	0	1	0	2	1	0
36705	473	8	0	0	4282	0	103219	1	1	2	1	0
36413	473	7	0	0	161282	0	161282	1	2	2	1	0
31822	473	7	0	0	108940	0	108940	1	2	2	1	0
27194	473	6	0	0	103352	0	103352	1	2	2	1	0
22590	473	6	0	0	102770	0	102770	1	2	2	1	0
17991	473	6	0	0	97047	0	97047	1	2	2	1	0
13510	473	6	0	0	103690	0	103690	1	2	2	1	0
8860	473	6	0	0	99743	0	99743	1	2	2	1	0
4295	473	6	0	0	96871	0	0	1	0	2	1	0
36658	520	6	0	0	8188	0	105059	1	2	2	1	0
36367	520	7	0	0	100776	0	100776	1	2	2	1	0
31759	520	7	0	0	102182	0	102182	1	2	2	1	0
27202	520	7	0	0	99148	0	99148	1	2	2	1	0
22607	520	7	0	0	107266	0	107266	1	2	2	1	0
17988	520	7	0	0	102225	0	102225	1	2	2	1	0
13449	520	7	0	0	106812	0	106812	1	2	2	1	0
8869	520	7	0	0	100640	0	100640	1	2	2	1	0
4328	520	7	0	0	95344	0	0	1	0	2	1	0
36668	542	6	0	0	9576	0	104921	1	2	2	1	0
36374	542	7	0	0	106511	0	106511	1	2	2	1	0
31771	542	7	0	0	104244	0	104244	1	2	2	1	0
27235	542	7	0	0	102141	0	102141	1	2	2	1	0
22713	542	7	0	0	101620	0	101620	1	2	2	1	0
18176	542	7	0	0	106040	0	106040	1	2	2	1	0
13596	542	7	0	0	101830	0	101831	1	2	2	1	0
8960	542	7	0	0	105349	0	105349	1	2	2	1	0
4332	542	7	0	0	93203	2230	0	1	0	2	1	0
36678	533	8	0	0	4463	0	99896	1	1	2	1	0
36397	533	7	0	0	186230	0	186230	1	2	2	1	0
31801	533	7	0	0	105830	0	105830	1	2	2	1	0
27200	533	7	0	0	108268	0	108268	1	2	2	1	0
22573	533	7	0	0	102506	0	102506	1	2	2	1	0
17990	533	7	0	0	104927	0	104927	1	2	2	1	0
13411	533	7	0	0	105801	0	105801	1	2	2	1	0
8890	533	6	0	0	105935	0	105935	1	2	2	1	0
4276	533	6	0	0	99143	0	0	1	0	2	1	0
36546	550	6	0	0	5307	0	104451	1	2	2	1	0
36266	550	7	0	0	106617	0	106618	1	2	2	1	0
31695	550	7	0	0	100711	0	100712	1	2	2	1	0
27167	550	7	0	0	104557	0	104557	1	2	2	1	0
22633	550	7	0	0	102114	0	102114	1	2	2	1	0
18037	550	7	0	0	104947	0	104948	1	2	2	1	0
13431	550	7	0	0	102216	0	102216	1	2	2	1	0
8847	550	7	0	0	106522	0	106522	1	2	2	1	0
4281	550	7	0	0	97224	3228	0	1	0	2	1	0
36631	571	8	0	0	4598	0	105051	1	1	2	1	0
36313	571	7	0	0	158943	0	158943	1	2	2	1	0
31756	571	7	0	0	105700	0	105701	1	2	2	1	0
27157	571	7	0	0	107578	0	107578	1	2	2	1	0
22586	571	7	0	0	109290	0	109290	1	2	2	1	0
17977	571	6	0	0	106981	0	106982	1	2	2	1	0
13421	571	6	0	0	106443	0	106443	1	2	2	1	0
8813	571	6	0	0	102499	0	102499	1	2	2	1	0
4261	571	6	0	0	97538	0	0	1	0	2	1	0
33192	590	6	1	9	56	0	97595	1	2	2	1	0
33192	590	7	1	0	3088	0	3088	1	2	2	1	0
33192	590	7	1	3734	8177	0	8177	1	2	2	1	0
29458	590	7	1	8184	38522	0	38523	1	2	2	1	0
21274	590	7	1	8185	69222	0	69223	1	2	2	1	0
13089	590	7	1	8182	67532	0	67532	1	2	2	1	0
4907	590	7	1	42	50474	0	50474	1	2	2	1	0
4865	590	7	1	0	1730	0	1730	1	2	2	1	0
4865	590	7	1	4865	11464	32094	0	1	0	2	1	0
36569	647	8	0	0	4762	0	48322	1	1	2	1	0
36294	647	7	0	0	233639	0	233639	1	2	2	1	0
31737	647	7	0	0	110674	0	110675	1	2	2	1	0
27127	647	7	0	0	105066	0	105066	1	2	2	1	0
22516	647	7	0	0	101695	0	101695	1	2	2	1	0
17938	647	7	0	0	103109	0	103109	1	2	2	1	0
13416	647	7	0	0	106947	0	106947	1	2	2	1	0
8824	647	7	0	0	104673	0	104673	1	2	2	1	0
4285	647	7	0	0	96365	5298	0	1	0	2	1	0
36425	746	8	0	0	5225	0	106888	1	1	2	1	0
36140	746	7	0	0	133519	0	133519	1	2	2	1	0
31667	746	7	0	0	102553	0	102554	1	2	2	1	0
27072	746	7	0	0	109487	0	109487	1	2	2	1	0
22432	746	6	0	0	99727	0	99728	1	2	2	1	0
17929	746	6	0	0	100925	0	100926	1	2	2	1	0
13429	746	6	0	0	98895	0	98895	1	2	2	1	0
8879	746	6	0	0	101375	0	101375	1	2	2	1	0
4321	746	6	0	0	97952	0	0	1	0	2	1	0
36205	460	6	0	0	5266	0	103218	1	2	2	1	0
35909	460	7	0	0	104562	0	104562	1	2	2	1	0
31416	460	7	0	0	105246	0	105247	1	2	2	1	0
26907	460	7	0	0	104848	0	104848	1	2	2	1	0
22364	460	7	0	0	102230	0	102230	1	2	2	1	0
17795	460	7	0	0	99286	0	99286	1	2	2	1	0
13272	460	7	0	0	103203	0	103204	1	2	2	1	0
8718	460	7	0	0	103561	0	103561	1	2	2	1	0
4238	460	7	0	0	97705	3801	0	1	0	2	1	0
36222	497	8	0	0	4292	0	105798	1	1	2	1	0
35941	497	7	0	0	130457	0	130457	1	2	2	1	0
31435	497	6	0	0	102443	0	102443	1	2	2	1	0
26890	497	6	0	0	101672	0	101672	1	2	2	1	0
22396	497	6	0	0	96216	0	96217	1	2	2	1	0
17928	497	6	0	0	104282	0	104282	1	2	2	1	0
13387	497	6	0	0	100999	0	100999	1	2	2	1	0
8838	497	6	0	0	105924	0	105925	1	2	2	1	0
4246	497	6	0	0	94038	0	0	1	0	2	1	0
36118	505	6	0	0	5622	0	99660	1	2	2	1	0
35849	505	7	0	0	107196	0	107196	1	2	2	1	0
31272	505	7	0	0	97790	0	97790	1	2	2	1	0
26735	505	7	0	0	101892	0	101892	1	2	2	1	0
22276	505	7	0	0	100210	0	100210	1	2	2	1	0
17768	505	7	0	0	104891	0	104891	1	2	2	1	0
13192	505	7	0	0	104624	0	104625	1	2	2	1	0
8711	505	7	0	0	102672	0	102672	1	2	2	1	0
4172	505	7	0	0	96082	0	0	1	0	2	1	0
36123	508	6	0	0	4984	0	101067	1	2	2	1	0
35850	508	7	0	0	104949	0	104949	1	2	2	1	0
31307	508	7	0	0	98955	0	98955	1	2	2	1	0
26778	508	7	0	0	103084	0	103084	1	2	2	1	0
22263	508	7	0	0	97950	0	97950	1	2	2	1	0
17797	508	7	0	0	102631	0	102631	1	2	2	1	0
13291	508	7	0	0	101932	0	101932	1	2	2	1	0
8788	508	7	0	0	100442	0	100443	1	2	2	1	0
4263	508	7	0	0	96656	1537	0	1	0	2	1	0
36128	519	8	0	0	4126	0	102321	1	1	2	1	0
35847	519	7	0	0	119278	0	119278	1	2	3	0	0
31387	519	7	0	0	102875	0	102875	1	2	3	0	0
26870	519	7	0	0	100711	0	100711	1	2	3	0	0
22328	519	7	0	0	101050	0	101050	1	2	3	0	0
17867	519	7	0	0	104396	0	104396	1	2	3	0	0
13300	519	7	0	0	105652	0	105652	1	2	3	0	0
8731	519	6	0	0	99124	0	99124	1	2	3	0	0
4174	519	6	0	0	95615	0	0	1	0	3	0	0
36074	605	6	0	0	5784	0	101399	1	2	3	0	0
35781	605	7	0	0	106642	0	106642	1	2	3	0	0
31251	605	7	0	0	101418	0	101418	1	2	3	0	0
26656	605	7	0	0	102411	0	102411	1	2	3	0	0
22191	605	7	0	0	104252	0	104252	1	2	3	0	0
17706	605	7	0	0	104581	0	104582	1	2	3	0	0
13261	605	7	0	0	107033	0	107035	1	2	3	0	0
8753	605	7	0	0	102576	0	102576	1	2	3	0	0
4248	605	7	0	0	98464	2319	0	1	0	3	0	0
36094	598	8	0	0	4869	0	105652	1	1	3	0	0
35807	598	7	0	0	213727	0	213727	1	2	3	0	0
31271	598	7	0	0	108196	0	108197	1	2	3	0	0
26768	598	7	0	0	110892	0	110892	1	2	3	0	0
22203	598	7	0	0	99570	0	99570	1	2	3	0	0
17698	598	7	0	0	107619	0	107619	1	2	3	0	0
13211	598	6	0	0	101232	0	101232	1	2	3	0	0
8683	598	6	0	0	100150	0	100150	1	2	3	0	0
4180	598	6	0	0	97283	0	0	1	0	3	0	0
36011	628	6	0	0	4266	0	101549	1	2	3	0	0
35737	628	7	0	0	105366	0	105366	1	2	3	0	0
31248	628	7	0	0	104425	0	104425	1	2	3	0	0
26728	628	7	0	0	101904	0	101904	1	2	3	0	0
22205	628	7	0	0	103559	0	103559	1	2	3	0	0
17716	628	7	0	0	104192	0	104192	1	2	3	0	0
13187	628	7	0	0	98581	0	98582	1	2	3	0	0
8717	628	7	0	0	103900	0	103900	1	2	3	0	0
4153	628	7	0	0	92916	2317	0	1	0	3	0	0
36034	630	8	0	0	5397	0	100631	1	1	3	0	0
35728	630	7	0	0	234510	0	234510	1	2	3	0	0
31326	630	7	0	0	106547	0	106547	1	2	3	0	0
26804	630	7	0	0	106724	0	106724	1	2	3	0	0
22297	630	6	0	0	102465	0	102465	1	2	3	0	0
17752	630	6	0	0	102225	0	102225	1	2	3	0	0
13238	630	6	0	0	102129	0	102129	1	2	3	0	0
8677	630	6	0	0	101905	0	101906	1	2	3	0	0
4211	630	6	0	0	97173	0	0	1	0	3	0	0
36025	705	6	0	0	5608	0	102781	1	2	3	0	0
35746	705	7	0	0	104520	0	104520	1	2	3	0	0
31188	705	7	0	0	103835	0	103835	1	2	3	0	0
26589	705	7	0	0	108696	0	108696	1	2	3	0	0
22093	705	7	0	0	102235	0	102235	1	2	3	0	0
17614	705	7	0	0	103326	0	103326	1	2	3	0	0
13099	705	7	0	0	105431	0	105431	1	2	3	0	0
8673	705	7	0	0	103196	0	103196	1	2	3	0	0
4218	705	7	0	0	102730	2365	0	1	0	3	0	0
36027	710	8	0	0	4199	0	109294	1	1	3	0	0
35740	710	7	0	0	137064	0	137065	1	2	2	1	0
31219	710	7	0	0	108397	0	108397	1	2	2	1	0
26677	710	6	0	0	105941	0	105941	1	2	2	1	0
22165	710	6	0	0	101692	0	101692	1	2	2	1	0
17676	710	6	0	0	104436	0	104436	1	2	2	1	0
13164	710	6	0	0	98948	0	98948	1	2	2	1	0
8715	710	6	0	0	99914	0	99916	1	2	2	1	0
4219	710	6	0	0	95555	0	0	1	0	2	1	0
35710	454	6	0	0	7923	0	103478	1	2	2	1	0
35436	454	7	0	0	97576	0	97576	1	2	2	1	0
30993	454	7	0	0	101115	0	101115	1	2	2	1	0
26563	454	7	0	0	104154	0	104155	1	2	2	1	0
22067	454	7	0	0	100524	0	100524	1	2	2	1	0
17646	454	7	0	0	98227	0	98227	1	2	2	1	0
13183	454	7	0	0	99603	0	99603	1	2	2	1	0
8729	454	7	0	0	99901	0	99901	1	2	2	1	0
4250	454	7	0	0	100801	0	0	1	0	2	1	0
35797	448	6	0	0	5764	0	106566	1	2	2	1	0
35513	448	7	0	0	95996	0	95996	1	2	2	1	0
30952	448	7	0	0	99481	0	99482	1	2	2	1	0
26466	448	7	0	0	102597	0	102597	1	2	2	1	0
21963	448	7	0	0	99307	0	99308	1	2	2	1	0
17474	448	7	0	0	107048	0	107048	1	2	2	1	0
12995	448	7	0	0	100995	0	100995	1	2	2	1	0
8555	448	7	0	0	99070	0	99070	1	2	2	1	0
4114	448	7	0	0	93853	4994	0	1	0	2	1	0
35819	443	8	0	0	4262	0	103109	1	1	2	1	0
35538	443	7	0	0	124465	0	124465	1	2	2	1	0
31030	443	7	0	0	103702	0	103702	1	2	2	1	0
26556	443	7	0	0	105505	0	105505	1	2	2	1	0
22117	443	7	0	0	100939	0	100939	1	2	2	1	0
17639	443	7	0	0	98804	0	98804	1	2	2	1	0
13106	443	7	0	0	99285	0	99285	1	2	2	1	0
8591	443	7	0	0	99951	0	99951	1	2	2	1	0
4161	443	6	0	0	94293	0	0	1	0	2	1	0
32821	663	6	1	8	57	0	94350	1	2	2	1	0
32821	663	7	1	0	5155	0	5155	1	2	2	1	0
32821	663	7	1	382	1750	0	1750	1	2	2	1	0
32439	663	7	1	8188	16708	0	16708	1	2	2	1	0
24250	663	7	1	8185	66013	0	66013	1	2	2	1	0
16065	663	7	1	8181	67050	0	67050	1	2	2	1	0
7884	663	7	1	3391	57917	0	57919	1	2	2	1	0
4493	663	7	1	0	20961	0	20961	1	2	2	1	0
4493	663	7	1	4493	10330	29480	0	1	0	2	1	0
35662	482	8	0	0	4467	0	44277	1	1	2	1	0
35394	482	7	0	0	158661	0	158662	1	2	2	1	0
30956	482	7	0	0	101349	0	101349	1	2	2	1	0
26495	482	7	0	0	106916	0	106916	1	2	2	1	0
21927	482	7	0	0	100141	0	100141	1	2	2	1	0
17528	482	7	0	0	98359	0	98359	1	2	2	1	0
13134	482	7	0	0	100427	0	100427	1	2	2	1	0
8644	482	7	0	0	97529	0	97529	1	2	2	1	0
4178	482	7	0	0	92722	5483	0	1	0	2	1	0
35572	575	8	0	0	5516	0	103722	1	1	2	1	0
35259	575	7	0	0	154735	0	154736	1	2	2	1	0
30865	575	7	0	0	102757	0	102757	1	2	2	1	0
26391	575	7	0	0	104581	0	104582	1	2	2	1	0
21935	575	7	0	0	98962	0	98963	1	2	2	1	0
17555	575	7	0	0	101928	0	101929	1	2	2	1	0
13085	575	7	0	0	108233	0	108233	1	2	2	1	0
8552	575	6	0	0	101922	0	101922	1	2	2	1	0
4174	575	6	0	0	94160	0	0	1	0	2	1	0
35545	600	6	0	0	5598	0	99759	1	2	2	1	0
35241	600	7	0	0	104351	0	104351	1	2	2	1	0
30770	600	7	0	0	99659	0	99660	1	2	2	1	0
26308	600	7	0	0	107395	0	107395	1	2	2	1	0
21809	600	7	0	0	101875	0	101875	1	2	2	1	0
17432	600	7	0	0	99230	0	99231	1	2	2	1	0
13048	600	7	0	0	103955	0	103955	1	2	2	1	0
8602	600	7	0	0	97841	0	97842	1	2	2	1	0
4183	600	7	0	0	96618	2490	0	1	0	2	1	0
35561	623	8	0	0	3930	0	103039	1	1	2	1	0
35286	623	7	0	0	148324	0	148324	1	2	2	1	0
30844	623	7	0	0	104801	0	104801	1	2	2	1	0
26414	623	7	0	0	103657	0	103657	1	2	2	1	0
22031	623	7	0	0	106960	0	106961	1	2	2	1	0
17549	623	6	0	0	98096	0	98096	1	2	2	1	0
13078	623	6	0	0	98897	0	98897	1	2	2	1	0
8659	623	6	0	0	103427	0	103428	1	2	2	1	0
4179	623	6	0	0	100150	0	0	1	0	2	1	0
35410	740	6	0	0	4913	0	105063	1	2	2	1	0
35151	740	7	0	0	102555	0	102556	1	2	2	1	0
30665	740	7	0	0	101378	0	101378	1	2	2	1	0
26221	740	7	0	0	98786	0	98786	1	2	2	1	0
21865	740	7	0	0	98212	0	98212	1	2	2	1	0
17382	740	7	0	0	103673	0	103673	1	2	2	1	0
13003	740	7	0	0	99324	0	99324	1	2	2	1	0
8576	740	7	0	0	99903	0	99903	1	2	2	1	0
4161	740	7	0	0	94811	5583	0	1	0	2	1	0
35441	692	8	0	0	7215	0	107611	1	1	2	1	0
35169	692	7	0	0	125859	0	125860	1	2	2	1	0
30686	692	7	0	0	104162	0	104163	1	2	2	1	0
26261	692	7	0	0	102623	0	102624	1	2	2	1	0
21908	692	6	0	0	100165	0	100165	1	2	2	1	0
17427	692	6	0	0	96393	0	96393	1	2	2	1	0
13044	692	6	0	0	108809	0	108809	1	2	2	1	0
8570	692	6	0	0	98444	0	98444	1	2	2	1	0
4124	692	6	0	0	93405	0	0	1	0	2	1	0
35213	469	6	0	0	5492	0	98897	1	2	2	1	0
34921	469	7	0	0	101589	0	101589	1	2	2	1	0
30486	469	7	0	0	99553	0	99554	1	2	2	1	0
26061	469	7	0	0	99791	0	99791	1	2	2	1	0
21712	469	7	0	0	97113	0	97113	1	2	2	1	0
17307	469	7	0	0	100909	0	100909	1	2	2	1	0
12947	469	7	0	0	101226	0	101226	1	2	2	1	0
8468	469	7	0	0	104910	0	104910	1	2	2	1	0
4052	469	7	0	0	89488	5146	0	1	0	2	1	0
35285	464	8	0	0	3845	0	98479	1	1	2	1	0
35015	464	7	0	0	182849	0	182849	1	2	2	1	0
30612	464	7	0	0	102452	0	102452	1	2	2	1	0
26187	464	6	0	0	102955	0	102955	1	2	2	1	0
21773	464	6	0	0	97947	0	97947	1	2	2	1	0
17364	464	6	0	0	94871	0	94871	1	2	2	1	0
12999	464	6	0	0	102249	0	102249	1	2	2	1	0
8593	464	6	0	0	98945	0	98945	1	2	2	1	0
4224	464	6	0	0	92978	0	0	1	0	2	1	0
35136	484	6	0	0	5004	0	97983	1	2	2	1	0
34852	484	7	0	0	100389	0	100389	1	2	2	1	0
30475	484	7	0	0	98470	0	98470	1	2	2	1	0
26093	484	7	0	0	100704	0	100704	1	2	2	1	0
21657	484	7	0	0	96484	0	96485	1	2	2	1	0
17330	484	7	0	0	102135	0	102135	1	2	2	1	0
12932	484	7	0	0	97273	0	97273	1	2	2	1	0
8521	484	7	0	0	101548	0	101548	1	2	2	1	0
4033	484	7	0	0	90551	5224	0	1	0	2	1	0
35167	474	8	0	0	5326	0	101101	1	1	2	1	0
34874	474	7	0	0	151572	0	151573	1	2	2	1	0
30461	474	6	0	0	97424	0	97424	1	2	2	1	0
26112	474	6	0	0	106435	0	106435	1	2	2	1	0
21722	474	6	0	0	100652	0	100653	1	2	2	1	0
17310	474	6	0	0	98454	0	98454	1	2	2	1	0
12927	474	6	0	0	100675	0	100676	1	2	2	1	0
8511	474	6	0	0	100004	0	100004	1	2	2	1	0
4062	474	6	0	0	92845	0	0	1	0	2	1	0
35122	494	6	0	0	5413	0	98259	1	2	2	1	0
34845	494	7	0	0	100091	0	100091	1	2	2	1	0
30518	494	7	0	0	97531	0	97531	1	2	2	1	0
26184	494	7	0	0	101470	0	101470	1	2	2	1	0
21724	494	7	0	0	98974	0	98975	1	2	2	1	0
17313	494	7	0	0	104289	0	104289	1	2	2	1	0
12857	494	7	0	0	97131	0	97131	1	2	2	1	0
8557	494	7	0	0	101187	0	101187	1	2	2	1	0
4128	494	7	0	0	96556	0	0	1	0	2	1	0
35139	511	6	0	0	5229	0	101785	1	2	2	1	0
34860	511	7	0	0	98355	0	98355	1	2	2	1	0
30565	511	7	0	0	100667	0	100667	1	2	2	1	0
26165	511	7	0	0	98730	0	98730	1	2	2	1	0
21775	511	7	0	0	97029	0	97029	1	2	2	1	0
17376	511	7	0	0	100718	0	100718	1	2	2	1	0
12970	511	7	0	0	98647	0	98647	1	2	2	1	0
8545	511	7	0	0	98761	0	98762	1	2	2	1	0
4125	511	7	0	0	92246	4082	0	1	0	2	1	0
35152	536	8	0	0	3977	0	100305	1	1	2	1	0
34878	536	7	0	0	135277	0	135277	1	2	2	1	0
30533	536	7	0	0	102514	0	102514	1	2	2	1	0
26180	536	7	0	0	106798	0	106798	1	2	2	1	0
21754	536	7	0	0	99155	0	99155	1	2	2	1	0
17345	536	7	0	0	97064	0	97065	1	2	2	1	0
12940	536	7	0	0	100589	0	100589	1	2	2	1	0
8525	536	7	0	0	101580	0	101580	1	2	2	1	0
4144	536	6	0	0	94289	0	0	1	0	2	1	0
35065	581	6	0	0	5923	0	100214	1	2	2	1	0
34785	581	7	0	0	97316	0	97316	1	2	2	1	0
30400	581	7	0	0	101374	0	101374	1	2	2	1	0
25986	581	7	0	0	104248	0	104249	1	2	2	1	0
21545	581	7	0	0	97913	0	97913	1	2	2	1	0
17219	581	7	0	0	105207	0	105207	1	2	2	1	0
12867	581	7	0	0	101538	0	101538	1	2	2	1	0
8478	581	7	0	0	98859	0	98859	1	2	2	1	0
4156	581	7	0	0	95696	2354	0	1	0	2	1	0
35082	577	8	0	0	5489	0	103540	1	1	2	1	0
34818	577	7	0	0	152467	0	152467	1	2	2	1	0
30449	577	7	0	0	103137	0	103138	1	2	2	1	0
26144	577	7	0	0	101538	0	101538	1	2	2	1	0
21699	577	7	0	0	104303	0	104303	1	2	2	1	0
17347	577	7	0	0	100828	0	100828	1	2	2	1	0
13002	577	6	0	0	106547	0	106547	1	2	2	1	0
8564	577	6	0	0	98801	0	98801	1	2	2	1	0
4147	577	6	0	0	97804	0	0	1	0	2	1	0
32825	746	6	1	9	54	0	97859	1	2	2	1	0
32825	746	7	1	0	3590	0	3590	1	2	2	1	0
32825	746	7	1	0	1268	0	1268	1	2	2	1	0
32825	746	7	1	8134	15334	0	15334	1	2	2	1	0
24691	746	7	1	8185	66099	0	66099	1	2	2	1	0
16506	746	7	1	8182	64996	0	64996	1	2	2	1	0
8324	746	7	1	3826	58089	0	58089	1	2	2	1	0
4498	746	7	1	0	23835	0	23836	1	2	2	1	0
4498	746	7	1	4498	10121	30810	0	1	0	2	1	0
34962	652	8	0	0	4516	0	45447	1	1	2	1	0
34684	652	7	0	0	128714	0	128714	1	2	2	1	0
30336	652	7	0	0	103626	0	103626	1	2	2	1	0
25964	652	7	0	0	102340	0	102340	1	2	2	1	0
21611	652	7	0	0	100253	0	100254	1	2	2	1	0
17192	652	7	0	0	100338	0	100338	1	2	2	1	0
12860	652	7	0	0	100248	0	100248	1	2	2	1	0
8447	652	7	0	0	98891	0	98891	1	2	2	1	0
4107	652	7	0	0	92350	2251	0	1	0	2	1	0
34885	750	8	0	0	4080	0	98681	1	1	2	1	0
34634	750	7	0	0	160910	0	160910	1	2	2	1	0
30255	750	7	0	0	103143	0	103143	1	2	2	1	0
25923	750	7	0	0	105806	0	105806	1	2	2	1	0
21538	750	7	0	0	110409	0	110409	1	2	2	1	0
17149	750	6	0	0	92610	0	92610	1	2	2	1	0
12831	750	6	0	0	102141	0	102141	1	2	2	1	0
8473	750	6	0	0	99874	0	99874	1	2	2	1	0
4116	750	6	0	0	94864	0	0	1	0	2	1	0
34697	503	6	0	0	6101	0	100965	1	2	2	1	0
34429	503	7	0	0	97547	0	97547	1	2	2	1	0
30084	503	7	0	0	96951	0	96951	1	2	2	1	0
25766	503	7	0	0	98984	0	98984	1	2	2	1	0
21365	503	7	0	0	97872	0	97872	1	2	2	1	0
17062	503	7	0	0	96175	0	96175	1	2	2	1	0
12793	503	7	0	0	99836	0	99837	1	2	2	1	0
8435	503	7	0	0	103335	0	103335	1	2	2	1	0
4162	503	7	0	0	94770	3302	0	1	0	2	1	0
34711	471	8	0	0	4221	0	102294	1	1	2	1	0
34432	471	7	0	0	131515	0	131515	1	2	3	0	0
30077	471	7	0	0	103248	0	103248	1	2	3	0	0
25723	471	7	0	0	97821	0	97821	1	2	3	0	0
21431	471	6	0	0	104919	0	104919	1	2	3	0	0
17106	471	6	0	0	94726	0	94726	1	2	3	0	0
12776	471	6	0	0	99122	0	99123	1	2	3	0	0
8470	471	6	0	0	96784	0	96784	1	2	3	0	0
4056	471	6	0	0	91541	0	0	1	0	3	0	0
34569	529	6	0	0	5384	0	96925	1	2	3	0	0
34296	529	7	0	0	98935	0	98935	1	2	3	0	0
29968	529	7	0	0	95599	0	95599	1	2	3	0	0
25733	529	7	0	0	101009	0	101009	1	2	3	0	0
21406	529	7	0	0	104018	0	104018	1	2	3	0	0
17009	529	7	0	0	100004	0	100004	1	2	3	0	0
12638	529	7	0	0	99630	0	99630	1	2	3	0	0
8284	529	7	0	0	102707	0	102708	1	2	3	0	0
4010	529	7	0	0	91883	2039	0	1	0	3	0	0
34595	546	8	0	0	3981	0	97904	1	1	3	0	0
34331	546	7	0	0	143914	0	143914	1	2	3	0	0
29991	546	7	0	0	100135	0	100135	1	2	3	0	0
25683	546	7	0	0	104631	0	104631	1	2	3	0	0
21310	546	6	0	0	98882	0	98882	1	2	3	0	0
16974	546	6	0	0	97720	0	97720	1	2	3	0	0
12677	546	6	0	0	99905	0	99905	1	2	3	0	0
8429	546	6	0	0	95623	0	95623	1	2	3	0	0
4026	546	6	0	0	90611	0	0	1	0	3	0	0
34597	593	6	0	0	8638	0	99250	1	2	3	0	0
34319	593	7	0	0	92261	0	92261	1	2	3	0	0
30059	593	7	0	0	100780	0	100780	1	2	3	0	0
25708	593	7	0	0	100251	0	100251	1	2	3	0	0
21471	593	7	0	0	97036	0	97036	1	2	3	0	0
17079	593	7	0	0	100963	0	100963	1	2	3	0	0
12761	593	7	0	0	103047	0	103047	1	2	3	0	0
8427	593	7	0	0	98292	0	98292	1	2	3	0	0
4072	593	7	0	0	97474	2170	0	1	0	3	0	0
34607	616	8	0	0	4323	0	103967	1	1	3	0	0
34326	616	7	0	0	189134	0	189135	1	2	3	0	0
30042	616	7	0	0	106045	0	106045	1	2	3	0	0
25641	616	6	0	0	98905	0	98905	1	2	3	0	0
21250	616	6	0	0	95546	0	95546	1	2	3	0	0
16987	616	6	0	0	100359	0	100359	1	2	3	0	0
12619	616	6	0	0	95881	0	95881	1	2	3	0	0
8374	616	6	0	0	98526	0	98527	1	2	3	0	0
4016	616	6	0	0	91437	0	0	1	0	3	0	0
34498	643	6	0	0	5208	0	96645	1	2	3	0	0
34221	643	7	0	0	103242	0	103242	1	2	3	0	0
29909	643	7	0	0	98824	0	98824	1	2	3	0	0
25578	643	7	0	0	98089	0	98089	1	2	3	0	0
21294	643	7	0	0	102007	0	102007	1	2	3	0	0
16927	643	7	0	0	101378	0	101378	1	2	3	0	0
12687	643	7	0	0	99783	0	99783	1	2	3	0	0
8344	643	7	0	0	97438	0	97438	1	2	3	0	0
4044	643	7	0	0	94216	6282	0	1	0	3	0	0
34545	644	8	0	0	4128	0	104626	1	1	3	0	0
34268	644	7	0	0	147754	0	147754	1	2	2	1	0
30014	644	6	0	0	105078	0	105078	1	2	2	1	0
25655	644	6	0	0	102113	0	102114	1	2	2	1	0
21305	644	6	0	0	97211	0	97211	1	2	2	1	0
16986	644	6	0	0	94550	0	94550	1	2	2	1	0
12605	644	6	0	0	97369	0	97369	1	2	2	1	0
8373	644	6	0	0	102077	0	102078	1	2	2	1	0
4004	644	6	0	0	92525	0	0	1	0	2	1	0
34443	657	6	0	0	5020	0	97545	1	2	2	1	0
34171	657	7	0	0	100206	0	100207	1	2	2	1	0
29887	657	7	0	0	100708	0	100708	1	2	2	1	0
25558	657	7	0	0	98909	0	98909	1	2	2	1	0
21302	657	7	0	0	99792	0	99792	1	2	2	1	0
16962	657	7	0	0	101570	0	101570	1	2	2	1	0
12581	657	7	0	0	99798	0	99798	1	2	2	1	0
8257	657	7	0	0	101998	0	101998	1	2	2	1	0
4026	657	7	0	0	98742	0	0	1	0	2	1	0
34466	691	6	0	0	6007	0	104749	1	2	2	1	0
34186	691	7	0	0	100237	0	100237	1	2	2	1	0
29803	691	7	0	0	102258	0	102259	1	2	2	1	0
25458	691	7	0	0	99128	0	99128	1	2	2	1	0
21179	691	7	0	0	102422	0	102423	1	2	2	1	0
16914	691	7	0	0	101322	0	101322	1	2	2	1	0
12568	691	7	0	0	105162	0	105162	1	2	2	1	0
8339	691	7	0	0	100409	0	100409	1	2	2	1	0
4104	691	7	0	0	96507	2018	0	1	0	2	1	0
34467	703	8	0	0	3953	0	102479	1	1	2	1	0
34214	703	7	0	0	152154	0	152155	1	2	2	1	0
29884	703	7	0	0	104205	0	104205	1	2	2	1	0
25604	703	7	0	0	101835	0	101835	1	2	2	1	0
21252	703	7	0	0	100770	0	100770	1	2	2	1	0
16962	703	7	0	0	98363	0	98364	1	2	2	1	0
12646	703	7	0	0	102022	0	102022	1	2	2	1	0
8319	703	7	0	0	109393	0	109393	1	2	2	1	0
3998	703	6	0	0	90559	0	0	1	0	2	1	0
34359	441	6	0	0	8645	0	99205	1	2	2	1	0
33976	441	7	0	0	92127	0	92127	1	2	2	1	0
29748	441	7	0	0	98604	0	98604	1	2	2	1	0
25459	441	7	0	0	102343	0	102343	1	2	2	1	0
21187	441	7	0	0	94552	0	94552	1	2	2	1	0
16949	441	7	0	0	96310	0	96310	1	2	2	1	0
12673	441	7	0	0	100690	0	100690	1	2	2	1	0
8331	441	7	0	0	98208	0	98208	1	2	2	1	0
4021	441	7	0	0	90701	5338	0	1	0	2	1	0
34362	726	8	0	0	3944	0	99984	1	1	2	1	0
34099	726	7	0	0	158971	0	158971	1	2	2	1	0
29789	726	7	0	0	98486	0	98486	1	2	2	1	0
25502	726	7	0	0	98924	0	98924	1	2	2	1	0
21137	726	7	0	0	97853	0	97854	1	2	2	1	0
16936	726	7	0	0	100654	0	100654	1	2	2	1	0
12576	726	7	0	0	95723	0	95723	1	2	2	1	0
8364	726	6	0	0	98943	0	98943	1	2	2	1	0
4099	726	6	0	0	91671	0	0	1	0	2	1	0
33068	740	6	1	8	56	0	91728	1	2	2	1	0
33067	740	7	1	0	2946	0	2946	1	2	2	1	0
33067	740	7	1	6	1783	0	1783	1	2	2	1	0
33061	740	7	1	8188	15506	0	15507	1	2	2	1	0
24873	740	7	1	8183	65657	0	65657	1	2	2	1	0
16690	740	7	1	8182	65028	0	65028	1	2	2	1	0
8508	740	7	1	3766	58070	0	58071	1	2	2	1	0
4742	740	7	1	0	24880	0	24881	1	2	2	1	0
4742	740	7	1	4742	10549	29252	0	1	0	2	1	0
34126	510	8	0	0	4278	0	44080	1	1	2	1	0
33869	510	7	0	0	229128	0	229128	1	2	2	1	0
29625	510	7	0	0	103247	0	103247	1	2	2	1	0
25354	510	7	0	0	101790	0	101790	1	2	2	1	0
21010	510	7	0	0	96125	0	96125	1	2	2	1	0
16739	510	7	0	0	101401	0	101401	1	2	2	1	0
12490	510	7	0	0	91915	0	91915	1	2	2	1	0
8213	510	7	0	0	100128	0	100129	1	2	2	1	0
3914	510	7	0	0	87309	5303	0	1	0	2	1	0
34104	570	8	0	0	4492	0	97106	1	1	2	1	0
33846	570	7	0	0	169939	0	169939	1	2	2	1	0
29531	570	7	0	0	102934	0	102934	1	2	2	1	0
25290	570	7	0	0	101338	0	101338	1	2	2	1	0
21050	570	7	0	0	97017	0	97017	1	2	2	1	0
16715	570	7	0	0	102565	0	102565	1	2	2	1	0
12430	570	7	0	0	94973	0	94973	1	2	2	1	0
8244	570	6	0	0	94946	0	94946	1	2	2	1	0
3928	570	6	0	0	83209	0	0	1	0	2	1	0
34037	665	6	0	0	5745	0	88955	1	2	2	1	0
33774	665	7	0	0	97355	0	97355	1	2	2	1	0
29535	665	7	0	0	95637	0	95637	1	2	2	1	0
25214	665	7	0	0	100831	0	100831	1	2	2	1	0
20924	665	7	0	0	97299	0	97300	1	2	2	1	0
16662	665	7	0	0	103565	0	103565	1	2	2	1	0
12391	665	7	0	0	98564	0	98564	1	2	2	1	0
8166	665	7	0	0	101079	0	101079	1	2	2	1	0
3997	665	7	0	0	92763	2266	0	1	0	2	1	0
34091	678	8	0	0	3815	0	98847	1	1	2	1	0
33836	678	7	0	0	149317	0	149317	1	2	2	1	0
29598	678	7	0	0	103070	0	103070	1	2	2	1	0
25341	678	7	0	0	96890	0	96890	1	2	2	1	0
21049	678	7	0	0	93309	0	93309	1	2	2	1	0
16755	678	7	0	0	103118	0	103118	1	2	2	1	0
12522	678	6	0	0	93459	0	93459	1	2	2	1	0
8243	678	6	0	0	99246	0	99246	1	2	2	1	0
3964	678	6	0	0	88484	0	0	1	0	2	1	0
33926	730	6	0	0	5985	0	94470	1	2	2	1	0
33667	730	7	0	0	92857	0	92857	1	2	2	1	0
29484	730	7	0	0	99746	0	99747	1	2	2	1	0
25132	730	7	0	0	97361	0	97361	1	2	2	1	0
20831	730	7	0	0	96101	0	96101	1	2	2	1	0
16586	730	7	0	0	96870	0	96870	1	2	2	1	0
12384	730	7	0	0	95974	0	95974	1	2	2	1	0
8275	730	7	0	0	96488	0	96488	1	2	2	1	0
3992	730	7	0	0	92069	2194	0	1	0	2	1	0
33927	747	8	0	0	5689	0	99953	1	1	2	1	0
33644	747	7	0	0	142184	0	142185	1	2	2	1	0
29370	747	7	0	0	95763	0	95763	1	2	2	1	0
25126	747	7	0	0	98312	0	98312	1	2	2	1	0
20883	747	7	0	0	94718	0	94718	1	2	2	1	0
16656	747	7	0	0	106088	0	106088	1	2	2	1	0
12437	747	6	0	0	94085	0	94085	1	2	2	1	0
8206	747	6	0	0	101158	0	101158	1	2	2	1	0
3972	747	6	0	0	89239	0	0	1	0	2	1	0
33854	754	6	0	0	6698	0	95937	1	2	2	1	0
33580	754	7	0	0	97947	0	97947	1	2	2	1	0
29374	754	7	0	0	93538	0	93538	1	2	2	1	0
25178	754	7	0	0	98426	0	98426	1	2	2	1	0
20981	754	7	0	0	99840	0	99840	1	2	2	1	0
16716	754	7	0	0	95579	0	95579	1	2	2	1	0
12517	754	7	0	0	96388	0	96388	1	2	2	1	0
8238	754	7	0	0	97036	0	97036	1	2	2	1	0
3996	754	7	0	0	93996	2308	0	1	0	2	1	0
33875	446	8	0	0	4689	0	100993	1	1	2	1	0
33611	446	7	0	0	179798	0	179798	1	2	2	1	0
29397	446	7	0	0	103599	0	103600	1	2	2	1	0
25123	446	7	0	0	103094	0	103095	1	2	2	1	0
20868	446	7	0	0	94242	0	94242	1	2	2	1	0
16638	446	6	0	0	98907	0	98907	1	2	2	1	0
12423	446	6	0	0	92531	0	92532	1	2	2	1	0
8214	446	6	0	0	96837	0	96837	1	2	2	1	0
4012	446	6	0	0	88645	0	0	1	0	2	1	0
33653	485	6	0	0	5110	0	93756	1	2	2	1	0
33393	485	7	0	0	98922	0	98922	1	2	2	1	0
29170	485	7	0	0	102102	0	102103	1	2	2	1	0
24950	485	7	0	0	97531	0	97531	1	2	2	1	0
20834	485	7	0	0	96627	0	96627	1	2	2	1	0
16544	485	7	0	0	98488	0	98488	1	2	2	1	0
12343	485	7	0	0	94343	0	94343	1	2	2	1	0
8149	485	7	0	0	97803	0	97804	1	2	2	1	0
3983	485	7	0	0	89566	2128	0	1	0	2	1	0
33657	483	8	0	0	4056	0	95751	1	1	2	1	0
33388	483	7	0	0	225566	0	225566	1	2	2	1	0
29163	483	7	0	0	97274	0	97275	1	2	2	1	0
24952	483	7	0	0	98939	0	98940	1	2	2	1	0
20678	483	7	0	0	96578	0	96578	1	2	2	1	0
16479	483	6	0	0	95347	0	95347	1	2	2	1	0
12259	483	6	0	0	93866	0	93866	1	2	2	1	0
8086	483	6	0	0	96274	0	96274	1	2	2	1	0
3878	483	6	0	0	83304	0	0	1	0	2	1	0
33619	504	6	0	0	4803	0	88107	1	2	2	1	0
33376	504	7	0	0	94888	0	94888	1	2	2	1	0
29117	504	7	0	0	98839	0	98839	1	2	2	1	0
24898	504	7	0	0	100183	0	100183	1	2	2	1	0
20689	504	7	0	0	93197	0	93198	1	2	2	1	0
16429	504	7	0	0	96849	0	96849	1	2	2	1	0
12273	504	7	0	0	95485	0	95485	1	2	2	1	0
8140	504	7	0	0	91457	0	91457	1	2	2	1	0
3956	504	7	0	0	93934	3119	0	1	0	2	1	0
33631	528	8	0	0	4376	0	101430	1	1	2	1	0
33361	528	7	0	0	140632	0	140632	1	2	2	1	0
29157	528	7	0	0	104823	0	104823	1	2	2	1	0
24929	528	7	0	0	100256	0	100256	1	2	2	1	0
20755	528	6	0	0	91709	0	91709	1	2	2	1	0
16559	528	6	0	0	95612	0	95612	1	2	2	1	0
12352	528	6	0	0	95355	0	95355	1	2	2	1	0
8041	528	6	0	0	93124	0	93124	1	2	2	1	0
3844	528	6	0	0	83090	0	0	1	0	2	1	0
33567	585	6	0	0	5065	0	88155	1	2	2	1	0
33294	585	7	0	0	96683	0	96684	1	2	2	1	0
29099	585	7	0	0	95340	0	95340	1	2	2	1	0
24884	585	7	0	0	100330	0	100330	1	2	2	1	0
20772	585	7	0	0	96744	0	96744	1	2	2	1	0
16615	585	7	0	0	98478	0	98479	1	2	2	1	0
12468	585	7	0	0	95185	0	95185	1	2	2	1	0
8303	585	7	0	0	103450	0	103450	1	2	2	1	0
3972	585	7	0	0	93876	1848	0	1	0	2	1	0
33626	622	8	0	0	4465	0	100190	1	1	2	1	0
33360	622	7	0	0	123652	0	123652	1	2	2	1	0
29120	622	7	0	0	104228	0	104228	1	2	2	1	0
24965	622	7	0	0	98757	0	98757	1	2	2	1	0
20754	622	6	0	0	90389	0	90389	1	2	2	1	0
16598	622	6	0	0	98684	0	98684	1	2	2	1	0
12391	622	6	0	0	95492	0	95492	1	2	2	1	0
8214	622	6	0	0	100389	0	100390	1	2	2	1	0
3966	622	6	0	0	87779	0	0	1	0	2	1	0
33118	746	6	1	9	50	0	87829	1	2	2	1	0
33118	746	7	1	0	4170	0	4170	1	2	2	1	0
33118	746	7	1	322	2384	0	2384	1	2	2	1	0
32796	746	7	1	8188	89432	0	89433	1	2	2	1	0
24608	746	7	1	8185	90514	0	90514	1	2	2	1	0
16423	746	7	1	8182	90672	0	90672	1	2	2	1	0
8241	746	7	1	3450	43283	0	43283	1	2	2	1	0
4791	746	7	1	0	6374	0	6374	1	2	2	1	0
4791	746	7	1	4791	8130	31493	0	1	0	2	1	0
33499	682	8	0	0	4820	0	44445	1	1	2	1	0
33235	682	7	0	0	125999	0	125999	1	2	2	1	0
29052	682	7	0	0	102073	0	102074	1	2	2	1	0
24904	682	7	0	0	95204	0	95204	1	2	2	1	0
20745	682	7	0	0	99175	0	99176	1	2	2	1	0
16590	682	7	0	0	105545	0	105545	1	2	2	1	0
12373	682	7	0	0	99429	0	99429	1	2	2	1	0
8101	682	7	0	0	93795	0	93796	1	2	2	1	0
3924	682	7	0	0	86408	6207	0	1	0	2	1	0
33434	724	8	0	0	3831	0	96446	1	1	2	1	0
33170	724	7	0	0	161128	0	161128	1	2	2	1	0
29013	724	7	0	0	103129	0	103129	1	2	2	1	0
24792	724	6	0	0	99327	0	99327	1	2	2	1	0
20543	724	6	0	0	88995	0	88995	1	2	2	1	0
16348	724	6	0	0	92853	0	92853	1	2	2	1	0
12188	724	6	0	0	97528	0	97528	1	2	2	1	0
8037	724	6	0	0	93187	0	93187	1	2	2	1	0
3895	724	6	0	0	83230	0	0	1	0	2	1	0
33206	487	6	0	0	4779	0	88009	1	2	2	1	0
32963	487	7	0	0	93441	0	93441	1	2	2	1	0
28797	487	7	0	0	96379	0	96379	1	2	2	1	0
24663	487	7	0	0	93306	0	93306	1	2	2	1	0
20544	487	7	0	0	91399	0	91399	1	2	2	1	0
16337	487	7	0	0	102509	0	102511	1	2	2	1	0
12213	487	7	0	0	97713	0	97713	1	2	2	1	0
