n_blocks	sec_no	n_free_secs	sec_type	n_blks_node	gc_sec_latency	gc_total_latency	gc_type
942	414	107	0	0	245676	255283	1
6584	885	108	1	0	138718	138718	0
446	634	13	0	0	238997	243955	1
19682	595	14	1	0	272506	272508	0
435	489	5	0	0	147623	152518	1
6584	877	6	1	0	39523	39523	0
468	416	5	0	0	142044	147555	1
626	419	6	0	0	35257	39983	0
479	527	5	0	0	68589	71521	0
493	681	5	0	0	66336	71521	0
511	584	4	0	0	125575	132074	1
646	486	5	0	0	71133	78915	0
776	682	5	0	0	72586	77937	0
19682	866	5	1	0	18625	18625	0
873	687	5	0	0	357381	366451	1
4515	832	6	0	0	66197	77229	0
4782	735	5	0	0	96728	123259	0
6584	869	4	1	6584	18555	62093	0
16303	453	5	0	0	180301	203472	0
16276	454	5	0	0	124824	207593	0
16369	410	5	0	0	136770	239165	0
15588	475	5	0	0	120447	234230	0
15634	685	5	0	0	93690	247438	0
15387	792	3	0	0	424987	591653	1
15525	446	5	0	0	129935	219374	0
15516	624	4	0	0	404725	449186	1
13059	866	5	1	0	21002	21002	0
15159	786	5	0	0	605275	658598	1
15500	412	6	0	0	82567	100889	0
19682	877	5	1	0	23065	23065	0
14930	755	4	0	0	674329	726340	1
15091	441	5	0	0	130071	213857	0
15063	422	5	0	0	93551	130027	0
14348	466	5	0	0	119781	232380	0
14416	630	5	0	0	116663	220885	0
14858	0	5	0	0	96313	129783	0
14430	426	5	0	0	220027	263552	0
14346	411	5	0	0	112984	204571	0
13707	543	3	0	0	374407	541636	1
9872	866	5	1	0	19522	19523	0
13748	488	5	0	0	412339	442673	1
13759	462	6	0	0	119738	173976	0
26266	869	5	1	0	23019	23020	0
13201	795	4	0	0	689297	733613	1
13341	415	5	0	0	112840	197229	0
13560	418	5	0	0	111096	163210	0
13103	428	5	0	0	106374	211492	0
12731	429	5	0	0	130135	216092	0
12348	639	3	0	0	386131	586868	1
12501	431	5	0	0	113370	200287	0
12249	432	4	0	0	298368	345104	0
8509	866	5	1	0	12125	12125	0
12045	497	5	0	0	410251	446915	1
12351	421	6	0	0	108708	167597	0
11763	434	5	0	0	110867	184770	0
26266	630	5	1	0	25414	25414	0
11250	505	4	0	0	658726	705402	1
11694	425	5	0	0	82070	159818	0
10984	438	5	0	0	63934	149788	0
11224	437	5	0	0	106956	211956	0
10624	473	3	0	0	323917	521722	1
11197	436	5	0	0	102938	212954	0
10233	674	3	0	0	325106	509310	1
10302	444	5	0	0	112634	175542	0
10453	460	5	0	0	63923	85903	0
8822	866	5	1	0	19256	19256	0
9595	507	5	0	0	458340	503229	1
9765	468	5	0	0	71073	139309	0
17456	639	5	1	0	24416	24417	0
9310	673	5	0	0	508366	548530	1
9015	596	4	0	0	292490	330598	1
9194	477	5	0	0	81211	122375	0
9114	440	5	0	0	123697	184220	0
8493	487	5	0	0	124354	168700	0
8373	550	3	0	0	253603	0	1
8405	641	2	0	0	233193	703038	1
8563	482	5	0	0	104159	166030	0
8382	443	5	0	0	105867	176959	0
7925	555	5	0	0	111103	172465	0
7785	447	5	0	0	87816	125969	0
11024	473	5	1	0	10583	10583	0
7282	637	4	0	0	434018	472114	1
7860	413	5	0	0	96607	169387	0
6844	650	3	0	0	215281	384406	1
7178	452	5	0	0	78392	118594	0
6641	574	5	0	0	85236	130745	0
15242	507	5	1	0	20847	20847	0
6130	667	5	0	0	429156	466785	1
6639	417	5	0	0	67717	121268	0
5978	495	5	0	0	103613	154462	0
5990	435	5	0	0	91008	131152	0
6009	423	5	0	0	102102	145584	0
10142	639	5	1	0	10328	10328	0
5137	539	5	0	0	386812	416832	1
5231	442	6	0	0	82894	121192	0
5071	457	5	0	0	88784	111164	0
4528	598	3	0	0	157469	303424	1
4579	506	5	0	0	95066	125713	0
4527	433	5	0	0	91431	122975	0
4533	448	5	0	0	53631	63603	0
3940	474	5	0	0	98122	123769	0
16124	555	5	1	0	16212	16212	0
3397	621	4	0	0	403622	429543	1
3774	420	5	0	0	64683	73446	0
3314	424	5	0	0	77623	101163	0
3274	427	5	0	0	49581	75915	0
3301	430	5	0	0	63008	65365	0
10142	637	5	1	0	12549	12549	0
2213	467	5	0	0	312842	330063	1
2671	439	6	0	0	46713	57336	0
2037	511	5	0	0	70628	89031	0
1773	445	5	0	0	78358	95178	0
1810	449	5	0	0	83358	97917	0
1365	515	5	0	0	77653	67903	0
962	521	3	0	0	68415	167162	1
10264	639	5	1	0	15073	15075	0
684	573	5	0	0	268484	275340	1
763	461	6	0	0	43710	51229	0
636	450	5	0	0	61062	63016	0
80	566	4	0	0	46259	48140	1
2	878	75	0	0	239366	240403	1
