n_blocks	sec_no	n_free_secs	sec_type	n_blks_node	gc_sec_latency	gc_total_latency	gc_type
2	687	22	1	0	6501	6501	0
2	782	18	1	2	228502	229668	1
26264	451	19	1	0	335504	335505	0
275	851	5	0	0	105849	109527	1
462	0	6	0	0	64091	67878	0
508	418	5	0	0	75221	78096	0
528	432	5	0	0	59476	65065	0
517	433	5	0	0	41100	43965	0
660	452	5	0	0	52689	59105	0
373	519	5	0	0	67882	71486	0
384	575	5	0	0	58207	60770	0
465	780	5	0	0	45775	54206	0
662	446	5	0	0	73500	80005	0
755	686	5	0	0	73103	81413	0
6289	748	5	0	0	85504	101438	0
28392	848	5	0	0	138230	414917	0
9110	845	3	1	16455	90986	369735	1
17154	832	5	1	0	37719	37721	0
4507	851	5	1	4507	280728	306200	1
15618	613	6	0	0	98292	160689	0
15666	416	5	0	0	126560	234215	0
15585	880	4	0	0	404316	0	1
15606	430	3	0	0	388646	875493	1
15769	409	5	0	0	54694	68790	0
15395	429	5	0	0	130216	214983	0
15651	431	5	0	0	140325	240660	0
15448	535	3	0	0	442802	638758	1
15708	411	5	0	0	118935	203703	0
15059	477	5	0	0	130467	227613	0
14943	671	3	0	0	443092	0	1
15027	734	2	0	0	389379	1040585	1
6792	845	5	1	0	11788	11789	0
14642	485	5	0	0	477251	517217	1
15083	413	6	0	0	84713	120934	0
14424	438	5	0	0	93083	197557	0
14377	424	5	0	0	119239	209960	0
14368	426	5	0	0	109364	244052	0
13884	562	3	0	0	405704	597989	1
7306	535	5	1	0	16895	16895	0
13687	709	5	0	0	453533	506939	1
13747	453	5	0	0	124689	196872	0
13521	428	5	0	0	136220	231104	0
26266	780	5	1	0	31612	31612	0
12784	790	4	0	0	707901	754524	1
13051	442	5	0	0	56904	140193	0
12760	444	5	0	0	109045	222489	0
11630	734	3	1	17621	63314	300719	1
12905	412	5	0	0	118640	201289	0
12140	716	4	0	0	373080	415843	1
12357	448	5	0	0	123200	201609	0
12381	439	5	0	0	117505	162093	0
11885	476	5	0	0	107147	198699	0
11588	674	3	0	0	345964	531871	1
11800	456	5	0	0	139057	215484	0
11470	847	4	0	0	309938	357199	1
10511	734	5	1	0	13618	13619	0
11060	570	5	0	0	397515	443301	1
11198	461	6	0	0	93959	129455	0
11199	423	5	0	0	81753	161157	0
11173	437	5	0	0	94466	170664	0
10797	414	5	0	0	93840	172304	0
10269	490	4	0	0	285917	325541	1
8321	716	5	1	0	13236	13237	0
9932	602	5	0	0	358958	399274	1
10416	436	6	0	0	96276	122868	0
10242	449	5	0	0	95228	102862	0
9631	455	5	0	0	118277	179355	0
9591	457	5	0	0	116592	180594	0
9812	417	5	0	0	108667	174878	0
7287	734	4	1	7287	67304	108398	1
26266	709	5	1	0	30911	30913	0
8737	542	5	0	0	588647	617961	1
9200	441	6	0	0	112908	163798	0
8175	531	4	0	0	228996	268136	1
8355	467	5	0	0	95259	153770	0
8494	458	5	0	0	97243	135455	0
8560	421	5	0	0	111789	168124	0
7816	470	5	0	0	88526	153579	0
7717	469	5	0	0	95855	159310	0
7921	420	5	0	0	105688	171746	0
7058	767	3	0	0	217344	398363	1
7227	472	4	0	0	27612	92369	0
6382	734	5	1	0	18363	18363	0
6895	599	5	0	0	273795	312000	1
7260	410	6	0	0	112999	138300	0
6545	473	5	0	0	103194	154124	0
6654	415	5	0	0	113966	154923	0
5971	505	5	0	0	93411	128632	0
5642	638	4	0	0	188675	219604	1
5968	419	5	0	0	98955	147962	0
2880	470	5	1	0	7272	7272	0
5109	593	5	0	0	196818	225644	1
5214	480	5	0	0	91747	138556	0
5207	434	5	0	0	105049	145373	0
5094	422	5	0	0	106390	138602	0
4582	491	5	0	0	93910	145632	0
4557	425	4	0	0	131033	167463	0
4596	435	5	0	0	94901	129872	0
4568	440	5	0	0	97068	127186	0
881	473	5	1	0	7087	7088	0
3568	475	5	0	0	193120	218524	1
3825	443	6	0	0	43800	56748	0
3163	464	5	0	0	86297	108169	0
3098	445	5	0	0	88521	115020	0
2595	541	4	0	0	107304	124956	1
2658	523	5	0	0	90796	113768	0
2530	447	5	0	0	86358	106714	0
2337	459	5	0	0	79269	96142	0
1	505	3	1	1936	7734	98820	1
1959	498	5	0	0	77035	93157	0
1752	460	5	0	0	72484	89208	0
1644	463	5	0	0	75272	88097	0
1376	474	5	0	0	73648	81314	0
1226	466	5	0	0	76584	82958	0
766	486	5	0	0	88398	95661	0
463	735	4	0	0	89691	94983	1
669	468	5	0	0	40462	43941	0
300	471	5	0	0	203473	204840	0
