n_blocks	sec_no	n_free_secs	sec_type	n_blks_node	gc_sec_latency	gc_total_latency	gc_type
19489	546	19	0	0	688012	694099	1
26266	888	20	1	0	438413	438415	0
13768	870	5	1	13768	102291	184848	1
15940	587	4	0	0	443641	445647	1
16254	554	5	0	0	134085	197183	0
12501	871	5	1	0	14317	14318	0
15382	603	5	0	0	631457	633926	1
15739	577	5	0	0	136903	195738	0
15711	578	5	0	0	101325	163416	0
15525	466	5	0	0	115925	175456	0
15094	560	5	0	0	128740	189202	0
15031	579	5	0	0	144907	245012	0
14687	615	3	0	0	433738	581989	1
33900	882	5	1	0	25360	25360	0
14620	527	5	0	0	735707	738260	1
15055	469	6	0	0	233972	233974	0
14189	594	5	0	0	415697	418188	1
14457	471	5	0	0	133310	222837	0
13725	604	3	0	0	407967	544609	1
13818	589	5	0	0	92492	142668	0
13793	593	5	0	0	121252	170275	0
13789	479	5	0	0	122443	219562	0
13091	623	3	0	0	392600	518423	1
26266	871	5	1	0	21764	21764	0
13007	504	5	0	0	681296	686291	1
13149	490	6	0	0	115502	181861	0
12450	624	3	0	0	372477	490993	1
12536	601	5	0	0	110824	210369	0
12487	618	3	0	0	372353	489375	1
13197	505	5	0	0	203322	203323	0
11953	614	5	0	0	379401	381789	1
12238	620	6	0	0	127317	169491	0
26267	594	5	1	0	31949	31951	0
11356	631	5	0	0	661888	664510	1
11831	507	5	0	0	86818	139106	0
11338	480	4	0	0	343219	345529	1
11750	410	5	0	0	137105	164092	0
11193	514	5	0	0	109511	126373	0
11256	411	5	0	0	115776	156863	0
11134	412	5	0	0	111635	194766	0
10267	633	3	0	0	319274	433837	1
26267	604	5	1	0	13890	13890	0
10131	484	5	0	0	605899	612133	1
10459	437	6	0	0	96367	137238	0
9855	561	5	0	0	113604	145593	0
9854	584	5	0	0	117937	149011	0
9811	446	5	0	0	113162	178974	0
9118	635	3	0	0	285289	404096	1
9198	605	5	0	0	109389	141424	0
26266	631	5	1	0	22620	22620	0
8641	592	4	0	0	589820	592281	1
9188	449	5	0	0	99594	128017	0
8526	595	5	0	0	105423	137026	0
8492	451	5	0	0	107438	139023	0
8556	453	5	0	0	77277	159653	0
7831	643	3	0	0	250917	334204	1
7873	642	5	0	0	106002	131360	0
26266	633	5	1	0	24622	24623	0
7269	649	4	0	0	570286	572303	1
7289	636	5	0	0	103356	123063	0
7230	456	5	0	0	102313	121903	0
7212	460	5	0	0	78531	97226	0
7238	409	5	0	0	106244	127081	0
6643	463	5	0	0	92175	124382	0
6652	464	5	0	0	99522	130520	0
5946	652	3	0	0	190312	292407	1
26264	635	5	1	0	22797	22797	0
5592	557	4	0	0	511088	512891	1
5997	473	5	0	0	96012	110826	0
5928	481	5	0	0	128733	128734	0
5291	487	5	0	0	197587	202739	1
5607	413	6	0	0	142573	142573	0
4838	423	5	0	0	213921	215688	1
4852	414	6	0	0	93610	105459	0
22630	642	5	1	0	19241	19241	0
4089	454	4	0	0	465254	467588	1
4329	415	5	0	0	88034	97024	0
3936	516	5	0	0	80990	92712	0
3957	519	5	0	0	91714	97335	0
3625	416	5	0	0	86006	94766	0
3149	588	3	0	0	117453	205750	1
3279	508	5	0	0	84536	87117	0
2969	418	5	0	0	77773	81135	0
18660	652	5	1	0	18156	18156	0
2359	622	4	0	0	378536	380193	1
2655	524	5	0	0	76926	81797	0
2303	417	5	0	0	76940	78677	0
1996	526	5	0	0	98055	100323	0
2044	489	5	0	0	76461	78138	0
1647	419	5	0	0	79397	81042	0
1395	518	5	0	0	76627	80779	0
19906	635	5	1	0	23575	23575	0
677	496	4	0	0	354281	355949	1
739	475	5	0	0	65857	67398	0
751	492	5	0	0	38711	40152	0
752	493	5	0	0	120118	120118	0
57	517	5	0	0	97798	99187	1
243	420	6	0	0	37856	37858	0
