n_blocks	sec_no	n_free_secs	sec_type	n_blks_node	gc_sec_latency	gc_total_latency	gc_type
419	454	18	0	0	280652	287997	1
10264	637	19	1	0	144391	144391	0
424	415	5	0	0	130457	138372	1
16002	598	6	1	0	280171	280172	0
427	0	5	0	0	323345	328238	1
796	409	6	0	0	61822	66847	0
502	411	5	0	0	74893	79559	0
593	428	5	0	0	86768	90530	0
419	453	5	0	0	64606	66328	0
498	438	5	0	0	62591	46566	0
452	786	3	0	0	60611	132125	1
656	444	5	0	0	71333	76745	0
465	475	5	0	0	94299	96814	0
1050	482	5	0	0	63159	70886	0
1310	518	5	1	0	44690	44690	0
860	673	5	0	0	123200	134047	1
8954	519	6	1	0	17321	17322	0
2073	495	5	0	0	165813	184354	1
50615	521	6	0	0	256717	803323	0
15401	446	3	0	0	527669	888626	1
15740	877	4	0	0	38564	169841	0
14595	637	5	1	0	20656	20656	0
15753	584	5	0	0	630831	673857	1
16002	648	6	1	0	18736	18737	0
15131	735	4	0	0	644246	0	1
15148	674	3	0	0	388230	1102451	1
15378	412	5	0	0	101377	163469	0
15654	418	5	0	0	88576	173286	0
15538	419	5	0	0	90734	257940	0
14654	755	3	0	0	447997	633239	1
14893	466	5	0	0	110550	225453	0
15055	460	5	0	0	72211	233677	0
14600	683	3	0	0	386843	0	1
14663	823	2	0	0	372024	912080	1
7573	786	5	1	0	15770	15770	0
14569	507	5	0	0	438794	487780	1
14869	423	6	0	0	236659	236659	0
14067	833	5	0	0	443626	491637	1
14312	424	5	0	0	123115	230283	0
26266	673	5	1	0	21274	21274	0
13713	861	4	0	0	715853	761200	1
13814	504	5	0	0	134932	196126	0
12391	466	5	1	0	13760	13760	0
13405	440	5	0	0	564431	617008	1
13699	410	6	0	0	112316	194946	0
13010	753	3	0	0	351863	533476	1
13116	436	5	0	0	107099	166951	0
13148	427	5	0	0	96524	180208	0
12918	425	5	0	0	184798	247375	0
12903	426	5	0	0	93058	152863	0
12457	489	5	0	0	79351	182391	0
12396	432	5	0	0	118141	218942	0
12437	431	4	0	0	31297	149926	0
7283	673	5	1	0	7046	7046	0
11556	574	5	0	0	415963	457174	1
11838	473	5	0	0	97404	143344	0
11713	441	5	0	0	113165	187876	0
11574	433	5	0	0	114588	187496	0
11249	449	5	0	0	125768	211749	0
10906	685	3	0	0	320750	0	1
10912	474	2	0	0	287745	825339	1
5187	753	5	1	0	15929	15930	0
10543	508	5	0	0	358720	392922	1
26266	786	6	1	0	31972	31972	0
10035	847	4	0	0	630282	672588	1
10368	447	5	0	0	94375	156716	0
9844	621	5	0	0	66651	141147	0
9810	701	5	0	0	107579	159300	0
9464	594	3	0	0	301951	482837	1
9605	448	5	0	0	100671	154364	0
9166	767	5	0	0	104324	160217	0
9152	841	5	0	0	116454	155519	0
8741	821	4	0	0	288617	327917	1
9130	413	5	0	0	84573	192747	0
5074	474	3	1	7983	17322	159386	1
9169	414	5	0	0	142143	189390	0
8371	497	5	0	0	113288	172489	0
8309	439	5	0	0	121335	168094	0
8405	420	5	0	0	113557	158442	0
7612	780	3	0	0	245307	432056	1
26266	473	5	1	0	22044	22044	0
3527	594	5	1	3527	368986	390256	1
7796	452	6	0	0	148360	148361	0
6981	870	5	0	0	274115	319688	1
7200	468	5	0	0	101865	149129	0
7018	486	5	0	0	106514	158324	0
7275	421	5	0	0	113889	160262	0
6630	550	5	0	0	99052	159389	0
6626	435	5	0	0	103786	158823	0
6589	416	5	0	0	118162	162999	0
5979	505	5	0	0	81550	109032	0
5603	795	4	0	0	175090	209222	1
5900	429	5	0	0	90088	132878	0
3484	594	5	1	0	16092	16093	0
5069	716	5	0	0	212993	243812	1
5225	515	5	0	0	55824	93734	0
5231	417	5	0	0	97648	131985	0
4599	605	5	0	0	90851	122457	0
4497	578	5	0	0	102641	131658	0
4185	875	4	0	0	142836	170976	1
4501	422	5	0	0	87920	118136	0
3943	729	5	0	0	59189	85298	0
1687	870	5	1	0	12204	12205	0
3405	860	5	0	0	164788	186660	1
3840	430	6	0	0	46970	52125	0
41299	511	5	0	0	223023	358335	0
2745	811	3	0	0	238262	533641	1
3183	434	5	0	0	94804	91149	0
2484	614	3	0	0	99443	226741	1
2604	595	5	0	0	56440	78264	0
2401	437	5	0	0	87583	112763	0
1935	716	5	1	0	5519	5519	0
1806	855	5	0	0	157759	175573	1
1961	457	6	0	0	73465	84965	0
1405	642	5	0	0	44797	58676	0
1383	442	5	0	0	66743	76122	0
1021	443	5	0	0	70061	81780	0
26264	497	5	1	0	28875	28875	0
567	633	5	0	0	368948	380858	1
154	705	4	0	0	100281	102769	1
317	445	5	0	0	233426	235649	0
