n_blocks	sec_no	n_free_secs	sec_type	n_blks_node	gc_sec_latency	gc_total_latency	gc_type
320	418	18	0	0	250947	255187	1
1274	811	19	1	0	54340	54341	0
393	877	5	0	0	135862	140613	1
391	432	4	0	0	101396	109302	1
24992	855	5	1	0	378688	378689	0
408	423	6	0	0	407006	414961	1
425	424	7	0	0	69081	69083	0
400	427	5	0	0	119226	124053	1
455	431	6	0	0	32946	37018	0
616	447	5	0	0	90005	99221	0
444	637	5	0	0	68788	72366	0
700	701	5	0	0	52694	61366	0
1274	880	5	1	0	31041	31042	0
968	780	5	0	0	131382	146793	1
2061	519	6	0	0	98944	103733	0
34422	443	5	0	0	202342	550258	0
6309	421	3	0	0	326662	598826	1
15711	436	5	0	0	129003	226904	0
9390	855	4	1	9390	98452	151265	1
15249	442	5	0	0	108533	232076	0
15330	446	3	0	0	418014	590095	1
15440	755	5	0	0	112715	220084	0
15614	420	5	0	0	138642	237351	0
15736	449	5	0	0	80269	130074	0
14994	833	4	0	0	381996	432063	1
24992	876	5	1	0	21837	21838	0
10485	880	5	1	10485	271566	329110	1
15681	411	6	0	0	90915	148826	0
14819	482	5	0	0	124713	202288	0
14810	781	4	0	0	424819	0	1
14831	575	3	0	0	376395	858856	1
15053	417	5	0	0	112912	202476	0
15019	409	5	0	0	108651	167273	0
14413	426	5	0	0	127886	228484	0
14254	584	3	0	0	411081	602520	1
14396	437	5	0	0	114921	182439	0
14146	414	5	0	0	128657	217562	0
7723	833	4	1	7723	93880	138009	1
13805	495	5	0	0	126391	203994	0
13789	499	5	0	0	167108	266504	0
13764	455	5	0	0	69018	91677	0
13612	428	5	0	0	85358	186996	0
13172	546	5	0	0	142459	214531	0
13139	441	4	0	0	324323	0	0
12970	648	3	0	0	347823	733521	1
8273	584	5	1	0	12600	12600	0
12598	700	5	0	0	415176	461924	1
26266	755	6	1	0	28279	28281	0
12142	629	5	0	0	673077	715268	1
12370	429	5	0	0	90409	164460	0
11867	514	5	0	0	109669	205762	0
11907	616	3	0	0	358567	525145	1
12229	438	5	0	0	147038	211845	0
11870	452	5	0	0	135634	215630	0
11615	450	5	0	0	132473	204958	0
11235	613	5	0	0	101620	191899	0
10868	502	3	0	0	329099	511751	1
6264	755	4	1	6264	78147	115746	1
11218	453	5	0	0	99506	175534	0
10979	456	5	0	0	97228	162077	0
10468	548	5	0	0	121706	192857	0
10355	459	5	0	0	94127	166021	0
10432	464	5	0	0	96298	166844	0
9944	783	3	0	0	288896	449532	1
9194	616	4	1	9194	96090	158659	1
9840	588	5	0	0	95889	168537	0
26266	833	5	1	0	24319	24320	0
9295	639	5	0	0	576555	606771	1
9817	430	6	0	0	72234	138540	0
9166	532	5	0	0	109978	159747	0
8945	465	5	0	0	109681	152338	0
9170	412	5	0	0	122936	171274	0
8334	525	3	0	0	253658	442659	1
8572	470	5	0	0	115901	167561	0
8488	468	5	0	0	125150	186695	0
8022	691	4	0	0	229888	268499	1
8354	419	5	0	0	108573	165296	0
1972	783	5	1	0	8738	8739	0
7589	492	5	0	0	275258	310358	1
7919	439	6	0	0	72991	149203	0
6950	861	3	0	0	218455	346641	1
7238	440	5	0	0	101928	140539	0
7198	410	5	0	0	102578	151764	0
6519	676	4	0	0	256819	292574	1
6630	515	5	0	0	90541	128150	0
2757	532	5	1	0	8184	8185	0
6143	654	5	0	0	229291	263261	1
26266	755	6	1	0	34279	34280	0
5695	485	4	0	0	507346	538582	1
5869	0	5	0	0	69761	106490	0
5988	413	5	0	0	91967	123970	0
5239	476	5	0	0	99356	123063	0
5022	598	3	0	0	163193	316249	1
5212	433	5	0	0	102482	135965	0
5189	416	5	0	0	83351	116826	0
4558	480	5	0	0	88578	141877	0
4524	415	4	0	0	131776	165069	0
4555	425	5	0	0	80691	111092	0
3963	668	5	0	0	85546	124951	0
1516	676	5	1	0	11294	11295	0
3498	463	5	0	0	175067	198916	1
3726	434	6	0	0	74319	93952	0
3257	435	5	0	0	100341	124008	0
3094	444	5	0	0	95653	123113	0
2542	623	4	0	0	105628	125406	1
2684	494	5	0	0	89668	114456	0
2441	448	5	0	0	95685	115440	0
2401	451	5	0	0	65495	83510	0
1913	454	6	0	0	61611	75564	0
1402	611	5	0	0	69259	95484	0
1137	540	3	0	0	55964	146331	1
1388	458	5	0	0	59480	65277	0
1175	460	5	0	0	51715	68791	0
737	474	4	0	0	12477	19783	0
741	489	5	0	0	67736	77309	0
533	461	5	0	0	63919	69694	0
278	466	5	0	0	218247	219298	0
