n_blocks	sec_no	n_free_secs	sec_type	n_blks_node	gc_sec_latency	gc_total_latency	gc_type
238	0	18	0	0	259881	262207	1
5876	518	19	1	0	112327	112329	0
303	589	5	0	0	126924	129641	1
324	579	4	0	0	135829	138292	1
20390	588	5	1	0	310155	310155	0
398	546	5	0	0	360436	362953	1
548	410	6	0	0	91100	92239	0
614	437	5	0	0	57157	60318	0
399	560	5	0	0	68958	70952	0
480	623	4	0	0	78044	81020	1
514	624	5	0	0	90959	94145	0
1204	453	5	0	0	58655	62029	0
1252	449	5	0	0	69934	72592	0
4078	485	5	1	0	13007	13008	0
1797	486	5	1	1797	77257	84167	1
36152	489	6	0	0	157826	228180	0
26851	454	5	0	0	133900	265919	0
20389	634	5	1	0	28365	28366	0
16132	423	4	0	0	716269	769838	1
16376	446	5	0	0	93699	237481	0
16163	772	3	0	0	467088	627510	1
16244	514	5	0	0	97659	140523	0
16031	414	5	0	0	66384	254579	0
15429	868	3	0	0	425748	554670	1
15689	463	5	0	0	126424	236420	0
15473	874	4	0	0	398385	433573	1
15742	481	5	0	0	153527	262836	0
15162	786	3	0	0	422882	644610	1
16103	589	5	1	0	26282	26282	0
14229	489	5	1	14229	295237	383059	1
15058	526	6	0	0	101452	150536	0
14425	703	4	0	0	425522	469951	1
14401	685	5	0	0	119282	240268	0
14138	792	3	0	0	401100	582982	1
14403	577	5	0	0	117754	200195	0
14409	416	5	0	0	120216	204075	0
13806	584	5	0	0	100858	184136	0
13823	519	5	0	0	108001	229357	0
13616	795	3	0	0	377174	538869	1
26266	868	5	1	0	30976	30976	0
6214	786	5	1	6214	357254	393226	1
13818	417	6	0	0	99759	124456	0
13167	603	5	0	0	86091	215453	0
12717	734	3	0	0	360162	0	1
12734	783	2	0	0	329381	858108	1
13148	411	5	0	0	79039	103160	0
12541	649	5	0	0	102327	194247	0
12534	527	5	0	0	116492	197032	0
12383	451	5	0	0	125571	212558	0
11808	781	3	0	0	344642	553045	1
11882	682	5	0	0	135033	205149	0
11583	681	3	0	0	334721	565940	1
26266	792	5	1	0	22762	22762	0
3726	868	5	1	3726	367851	390845	1
11708	466	6	0	0	50638	67962	0
11213	473	5	0	0	93661	171450	0
10908	878	4	0	0	294084	333116	1
11161	475	5	0	0	100263	177408	0
11043	469	5	0	0	115602	186579	0
10843	419	5	0	0	96091	184862	0
10406	479	5	0	0	107317	204400	0
10141	709	3	0	0	308365	471614	1
10384	505	5	0	0	121060	207485	0
9760	814	3	0	0	279547	473437	1
26266	783	5	1	0	23277	23277	0
5107	682	5	1	5107	357608	390741	1
9827	700	6	0	0	179579	179579	0
9085	851	5	0	0	327504	371759	1
9199	720	5	0	0	120351	168546	0
8971	755	3	0	0	273006	455692	1
9170	687	5	0	0	82728	126268	0
9120	471	5	0	0	92515	164830	0
8457	726	5	0	0	101883	160765	0
8555	490	5	0	0	90253	143664	0
8400	456	5	0	0	74056	157875	0
7861	879	3	0	0	229011	347242	1
7894	732	4	0	0	206428	252658	0
26266	709	5	1	0	14258	14258	0
5340	783	5	1	5340	351506	382469	1
7564	516	6	0	0	96085	141865	0
7265	746	5	0	0	102003	149479	0
6803	691	4	0	0	288914	326429	1
6906	554	5	0	0	100353	147116	0
6623	735	5	0	0	105401	146726	0
6636	643	5	0	0	103715	133866	0
6295	557	5	0	0	99477	139709	0
5932	843	3	0	0	183105	345600	1
6014	798	5	0	0	103718	146137	0
5708	708	4	0	0	172634	205715	1
5981	507	5	0	0	108242	148408	0
4206	732	5	1	0	12000	12001	0
5323	832	5	0	0	227453	258629	1
37198	485	6	0	0	136866	128330	0
4804	840	3	0	0	268656	464636	1
5174	415	5	0	0	75844	107561	0
4536	699	5	0	0	89033	120616	0
4458	587	4	0	0	23279	66105	0
4336	593	5	0	0	71381	104369	0
4293	409	5	0	0	86781	107792	0
2695	783	5	1	0	10166	10166	0
3576	885	5	0	0	179312	207378	1
3957	480	6	0	0	85322	96140	0
26264	726	5	1	0	18883	18883	0
2864	865	4	0	0	458233	479965	1
3201	418	5	0	0	80206	95735	0
2681	487	5	0	0	90950	111243	0
2490	595	5	0	0	90800	110307	0
2545	412	5	0	0	29496	59891	0
2660	413	5	0	0	34204	36906	0
1994	460	5	0	0	77977	96242	0
2034	561	5	0	0	41575	53925	0
1511	464	5	0	0	79456	93331	0
1193	684	4	0	0	112210	123893	1
1397	524	5	0	0	77284	89674	0
19682	840	5	1	0	19880	19881	0
736	683	5	0	0	359775	366592	1
744	710	6	0	0	44509	49965	0
449	484	5	0	0	190887	196445	0
2	884	91	0	0	249108	250145	1
