n_blocks	sec_no	n_free_secs	sec_type	n_blks_node	gc_sec_latency	gc_total_latency	gc_type
183	422	19	0	0	231845	234500	1
26266	783	20	1	0	360404	360405	0
270	428	5	0	0	131058	134728	1
359	420	6	0	0	59228	60777	0
689	441	5	0	0	68215	75596	0
417	482	5	0	0	62985	66608	0
388	855	5	0	0	59629	64944	0
417	880	5	0	0	130655	135337	0
7023	519	5	0	0	77260	113975	0
32458	461	5	0	0	163252	282318	0
671	459	5	0	0	73899	80309	0
489	417	5	0	0	53013	54851	0
729	464	6	0	0	83973	86640	0
515	429	5	0	0	54916	58217	0
818	525	5	0	0	85912	93894	0
1856	654	5	0	0	72522	67936	0
15887	436	3	0	0	404831	540736	1
7270	783	4	1	7270	88040	135844	1
26264	851	5	1	0	31302	31302	0
15361	414	5	0	0	740596	794606	1
15703	575	6	0	0	123169	221442	0
15258	780	4	0	0	445642	500312	1
15666	460	5	0	0	102822	210087	0
15694	0	5	0	0	121231	226341	0
15743	419	5	0	0	120272	217202	0
15740	440	5	0	0	125290	182021	0
15003	485	5	0	0	48405	172624	0
15093	623	4	0	0	36358	162134	0
10862	851	5	1	0	13644	13646	0
14795	637	5	0	0	494515	549892	1
15077	409	6	0	0	92254	171908	0
14758	410	5	0	0	124650	226915	0
13940	728	3	0	0	407367	623741	1
14421	416	5	0	0	123772	221476	0
13936	827	4	0	0	368504	413188	1
12016	460	5	1	0	17734	17734	0
13621	876	5	0	0	438987	488641	1
14343	412	5	0	0	127468	222102	0
13633	418	5	0	0	97316	178853	0
13585	424	5	0	0	118294	168201	0
26266	753	5	1	0	22324	22325	0
12841	601	5	0	0	707496	762110	1
6260	419	4	1	6260	87876	127083	1
13051	423	5	0	0	194150	258126	0
13128	430	5	0	0	155957	228795	0
12507	444	5	0	0	97009	218543	0
12157	546	3	0	0	347986	526471	1
12522	432	5	0	0	126301	206686	0
12441	431	5	0	0	88819	154362	0
12214	433	5	0	0	132891	212347	0
11803	434	5	0	0	110466	199273	0
11839	446	5	0	0	132273	209177	0
11521	437	5	0	0	71610	157030	0
10034	430	5	1	0	12089	12091	0
11002	477	5	0	0	374960	411459	1
11252	438	5	0	0	132369	210552	0
11182	443	5	0	0	96537	126252	0
10887	445	5	0	0	119555	194932	0
10430	514	5	0	0	126539	199395	0
10167	710	4	0	0	276783	318361	1
9264	431	5	1	0	14387	14387	0
9857	764	5	0	0	365744	408156	1
10176	451	5	0	0	117194	190641	0
10314	415	5	0	0	120828	173118	0
9829	452	5	0	0	118520	181810	0
9568	453	5	0	0	100794	161393	0
9056	686	3	0	0	284024	455554	1
26266	424	5	1	0	31055	31055	0
5136	443	5	1	5136	371172	401768	1
8906	455	6	0	0	108787	149266	0
8342	615	3	0	0	256348	442533	1
8377	888	4	0	0	240690	284128	1
8540	458	5	0	0	94609	149550	0
8435	463	5	0	0	101342	132864	0
8563	411	5	0	0	102297	151864	0
7781	467	5	0	0	109783	155793	0
7910	457	5	0	0	113125	157571	0
7277	650	5	0	0	120669	143854	0
6922	792	2	0	0	220942	0	1
6973	758	2	0	0	195297	614463	1
7104	468	5	0	0	114125	169173	0
1132	453	5	1	0	12508	12508	0
6570	770	5	0	0	263952	298359	1
6643	502	6	0	0	69439	101288	0
6567	413	5	0	0	98641	142647	0
5952	488	5	0	0	94004	142562	0
5545	748	3	0	0	170739	323305	1
5941	425	5	0	0	93132	138612	0
4436	457	3	1	6059	14285	152585	1
5758	421	5	0	0	95634	138616	0
5228	555	5	0	0	93353	127686	0
25785	448	5	0	0	144732	286559	0
5216	427	5	0	0	69144	92624	0
4436	470	5	0	0	94706	125165	0
4217	506	4	0	0	167805	192458	1
4599	426	5	0	0	98292	131605	0
2565	468	5	1	0	6871	6873	0
3733	790	5	0	0	195384	223494	1
3897	442	5	0	0	98355	129191	0
3885	435	5	0	0	92204	123887	0
3210	687	5	0	0	100450	125828	0
3276	439	5	0	0	95333	122582	0
2790	693	4	0	0	99276	120419	1
3002	447	5	0	0	93118	114153	0
2634	598	5	0	0	92477	114583	0
2405	449	5	0	0	89454	108885	0
2	502	5	1	0	9748	9748	0
1837	848	5	0	0	128892	146221	1
1973	456	6	0	0	69761	86017	0
1365	782	5	0	0	49717	62476	0
1194	450	5	0	0	63225	77057	0
1140	454	4	0	0	52467	67982	0
999	462	5	0	0	57538	67400	0
725	613	5	0	0	58132	67246	0
427	465	5	0	0	57019	61943	0
500	484	5	0	0	235468	239998	0
