n_blocks	sec_no	n_free_secs	sec_type	n_blks_node	gc_sec_latency	gc_total_latency	gc_type
7692	466	4	0	0	384828	406766	0
6995	621	5	0	0	140624	140625	0
7471	499	6	0	0	249507	270062	1
7313	505	5	0	0	205932	226723	1
7395	467	6	0	0	96890	96890	0
6828	658	6	0	0	212752	234099	1
7435	645	5	0	0	199682	220843	1
7232	503	5	0	0	208630	231626	1
7080	482	5	0	0	219619	240165	1
6960	608	5	0	0	194467	218338	1
7154	591	5	0	0	480919	519873	1
6353	470	5	0	0	250941	272757	1
7876	446	5	0	0	318643	318644	0
7163	659	6	0	0	222600	242385	1
