n_blocks	sec_no	n_free_secs	sec_type	n_blks_node	gc_sec_latency	gc_total_latency	gc_type
5274	677	5	1	5274	250856	257224	1
6761	580	6	0	0	144754	144755	0
6726	550	5	0	0	227078	247335	1
6733	652	5	0	0	209291	227731	1
6762	657	5	0	0	208258	227588	1
6676	654	5	0	0	190914	213651	1
6780	475	6	0	0	86617	86617	0
6700	651	5	0	0	712738	759063	1
6671	539	5	0	0	184369	205893	1
6867	486	5	0	0	547600	595110	1
7085	474	5	0	0	190655	213654	1
6916	566	5	0	0	192915	215417	1
6978	653	5	0	0	198347	219042	1
7226	520	5	0	0	207197	226353	1
