n_blocks	sec_no	n_free_secs	sec_type	n_blks_node	gc_sec_latency	gc_total_latency	gc_type
441	676	4	0	0	29534	31330	1
15147	873	5	1	0	417328	417328	0
501	677	5	0	0	332759	337070	1
5045	504	6	0	0	695823	695823	0
500	675	5	0	0	167378	169528	1
502	678	4	0	0	58199	60471	1
1002	679	5	0	0	64591	64592	0
1481	674	5	0	0	136062	141401	1
1983	671	4	0	0	108565	116044	1
2443	670	5	0	0	188095	188096	0
2453	672	6	0	0	131915	142939	1
2915	673	4	0	0	116671	127239	1
3331	669	5	0	0	94878	94879	0
5284	658	6	0	0	198867	214166	1
5274	668	4	0	0	152245	165931	1
5747	483	5	0	0	79539	79539	0
5772	517	5	0	0	61428	113054	0
6105	660	4	0	0	170740	185414	1
6163	472	5	0	0	127802	127804	0
6143	667	6	0	0	199723	214401	1
6081	655	5	0	0	177989	198603	1
6511	666	4	0	0	175303	191072	1
6552	473	5	0	0	126006	126007	0
6458	506	5	0	0	50501	74435	0
6331	523	5	0	0	181903	198261	1
6392	650	5	0	0	178636	196802	1
6647	663	5	0	0	202387	221229	1
