n_blocks	sec_no	n_free_secs	sec_type	n_blks_node	gc_sec_latency	gc_total_latency	gc_type
14290	621	6	0	0	791740	837989	1
14401	647	5	0	0	479481	560446	1
14542	629	5	0	0	396900	448010	1
14394	517	5	0	0	483066	537767	1
14005	423	5	0	0	369462	413736	1
14070	499	6	0	0	216561	216562	0
14721	450	6	0	0	425099	467381	1
14573	552	5	0	0	354632	390607	1
14312	604	5	0	0	364717	404630	1
14682	424	6	0	0	247649	247651	0
13758	676	6	0	0	419472	452068	1
11996	668	5	0	0	856560	910655	1
12475	435	5	0	0	905125	938562	1
14043	451	5	0	0	714532	775286	1
14379	545	5	0	0	352344	398928	1
14845	605	6	0	0	211230	211231	0
14578	639	6	0	0	447600	489223	1
