n_blocks	sec_no	n_free_secs	sec_type	n_blks_node	gc_sec_latency	gc_total_latency	gc_type
1943	673	4	0	0	201327	209577	1
11635	885	5	1	0	412131	412131	0
2465	678	6	0	0	196520	203223	1
2438	672	4	0	0	93606	99758	1
2891	674	5	0	0	160657	160657	0
3425	677	5	0	0	158195	175303	1
3911	671	4	0	0	130045	144384	1
4385	668	5	0	0	66955	66956	0
4345	675	6	0	0	173142	184157	1
4832	676	6	0	0	70371	70371	0
4811	679	5	0	0	109239	124193	0
4759	680	7	0	0	633269	633269	0
6154	666	6	0	0	197546	215988	1
6098	665	5	0	0	178697	201538	1
6104	669	5	0	0	162002	182620	1
6093	658	5	0	0	166964	181054	1
6453	664	5	0	0	182911	199363	1
6909	663	5	0	0	200033	217807	1
7117	670	5	0	0	420950	455562	1
7902	0	5	0	0	175273	202177	1
8356	659	5	0	0	153078	153079	0
8748	660	6	0	0	235665	270062	1
9554	657	5	0	0	242150	266834	1
9910	662	5	0	0	302594	345209	1
