n_blocks	sec_no	n_free_secs	sec_type	n_blks_node	gc_sec_latency	gc_total_latency	gc_type
14070	638	5	1	14070	411973	421399	1
14649	434	6	0	0	235213	235214	0
14606	547	5	0	0	514960	556247	1
14379	426	5	0	0	359957	406213	1
14336	457	5	0	0	383072	428570	1
13846	493	5	0	0	897792	986602	1
14072	652	5	0	0	350000	393030	1
14405	623	5	0	0	364514	410146	1
14397	614	5	0	0	346639	382937	1
14316	582	5	0	0	354542	397508	1
14700	466	5	0	0	359302	400631	1
14028	592	5	0	0	363473	403117	1
14209	440	5	0	0	404092	456069	1
13964	620	5	0	0	743371	798338	1
14140	537	5	0	0	767220	821368	1
14078	608	5	0	0	422110	488271	1
14187	443	6	0	0	239875	239876	0
