n_blocks	sec_no	n_free_secs	sec_type	n_blks_node	gc_sec_latency	gc_total_latency	gc_type
14238	532	5	0	0	1333006	1421607	1
13937	421	5	0	0	408849	454047	1
14884	415	5	0	0	1044497	1044498	0
14292	572	6	0	0	384247	417632	1
14051	472	5	0	0	370698	407281	1
14273	436	5	0	0	344538	379702	1
14311	455	5	0	0	669805	724206	1
14222	441	5	0	0	354428	396553	1
14175	515	5	0	0	338201	373670	1
14299	558	5	0	0	356346	395544	1
14117	418	5	0	0	343396	389853	1
13845	637	5	0	0	341026	379483	1
14418	553	5	0	0	356250	400223	1
14489	579	5	0	0	377652	419533	1
14368	527	5	0	0	509868	585784	1
