n_blocks	sec_no	n_free_secs	sec_type	n_blks_node	gc_sec_latency	gc_total_latency	gc_type
9990	655	5	0	0	448823	481825	1
10048	661	5	0	0	324253	360174	1
11018	656	5	0	0	291640	325314	1
11635	884	5	1	11635	288995	297043	1
12154	425	5	0	0	316876	349651	1
11635	679	4	1	11635	161866	167906	1
14631	888	5	1	0	401828	401828	0
11997	648	6	0	0	323778	356677	1
12372	643	4	0	0	318079	364759	1
12469	577	5	0	0	154133	154134	0
12974	446	6	0	0	322246	366350	1
13048	500	5	0	0	701885	758213	1
13019	492	5	0	0	728223	788648	1
13582	654	5	0	0	321037	359450	1
13683	462	5	0	0	355161	396989	1
13551	469	5	0	0	339076	387435	1
13961	447	5	0	0	326939	371806	1
13698	479	5	0	0	436427	492654	1
14090	494	5	0	0	1033198	1033200	0
