n_blocks	sec_no	n_free_secs	sec_type	n_blks_node	gc_sec_latency	gc_total_latency	gc_type
14036	438	5	0	0	552560	592251	1
14221	530	5	0	0	363485	400476	1
14532	571	5	0	0	412723	460356	1
14400	429	5	0	0	371796	410942	1
14602	435	6	0	0	219305	219305	0
14497	574	6	0	0	375533	415060	1
14147	569	5	0	0	356035	389096	1
14037	522	5	0	0	702527	758987	1
14421	524	5	0	0	338134	380247	1
13649	678	5	0	0	883131	915748	1
14220	638	5	0	0	366643	403804	1
14126	634	5	0	0	348191	382208	1
14160	529	5	0	0	745126	807466	1
14154	449	5	0	0	351504	388226	1
14087	526	5	0	0	337715	380765	1
